#YY  MM DD hh mm WDIR WSPD GST  WVHT   DPD   APD MWD   PRES  ATMP  WTMP  DEWP  VIS  TIDE
#yr  mo dy hr mn degT m/s  m/s     m   sec   sec degT   hPa  degC  degC  degC   mi    ft
2013 03 15 17 50 169  0.4  1.6 99.00 99.00 99.00 999 1018.3  -3.3   2.6 999.0 99.0 99.00
2013 03 15 18 50 188  0.4  1.3 99.00 99.00 99.00 999 1017.3  -2.5   2.5 999.0 99.0 99.00
2013 03 15 20 50 330  1.4  3.6  0.03 99.00  7.59 999 1016.4  -3.8   1.7 999.0 99.0 99.00
2013 03 15 22 50 328  1.4 99.0 99.00 99.00 99.00 999 9999.0 999.0 999.0 999.0 99.0 99.00
2013 03 15 23 50 329  2.5  4.8  0.03 99.00  7.22 999 1016.5  -4.4   0.2 999.0 99.0 99.00
2013 03 16 00 50 342  0.2  1.5 99.00 99.00 99.00 999 1016.6 999.0 999.0 999.0 99.0 99.00
2013 03 16 01 50 108  0.1  0.7 99.00 99.00 99.00 999 1016.8  -6.2 999.0 999.0 99.0 99.00
2013 03 16 02 50  74  0.1  1.1  0.03 99.00  7.58 999 1017.0  -6.1 999.0 999.0 99.0 99.00
2013 03 16 03 50 174  0.1  0.7  0.03 99.00  7.44 999 1017.0  -6.6 999.0 999.0 99.0 99.00
2013 03 16 04 50 174  0.1  0.9  0.03 99.00  7.22 999 1017.0  -6.8 999.0 999.0 99.0 99.00
2013 03 16 05 50 174  0.1  0.6 99.00 99.00 99.00 999 1017.0  -6.8 999.0 999.0 99.0 99.00
2013 03 16 06 50   7  0.2  1.1  0.04 99.00  7.75 999 1017.3  -6.8 999.0 999.0 99.0 99.00
2013 03 16 07 50 174  0.0  0.2  0.03 99.00  7.35 999 1017.6  -7.4 999.0 999.0 99.0 99.00
2013 03 16 08 50 311  1.5  3.8  0.02 99.00  6.19 999 1018.1  -9.0 999.0 999.0 99.0 99.00
2013 03 16 10 50 292  0.9  2.4  0.05 99.00  8.37 999 1019.1 -10.0 999.0 999.0 99.0 99.00
2013 03 16 11 50 265  0.8  2.1  0.04 99.00  8.58 999 1019.8 -10.5 999.0 999.0 99.0 99.00
2013 03 16 13 50 245  1.8  2.7  0.04 99.00  8.18 999 1020.6 -10.8 999.0 999.0 99.0 99.00
2013 03 16 14 50 221  1.0  1.8  0.04 99.00  8.00 999 1020.7 -10.1 999.0 999.0 99.0 99.00
2013 03 16 15 50 238  1.7  3.1  0.03 99.00  7.15 999 1020.7  -9.2 999.0 999.0 99.0 99.00
2013 03 16 16 50 203  2.1  3.8  0.04 99.00  8.09 999 1020.5  -8.4 999.0 999.0 99.0 99.00
2013 03 16 17 50 200  1.6  3.1  0.03 99.00  7.36 999 1020.2  -7.6   0.7 999.0 99.0 99.00
2013 03 16 18 50 204  3.2  5.1 99.00 99.00 99.00 999 1020.0  -6.9   0.6 999.0 99.0 99.00
2013 03 16 19 50 191  2.6  6.0  0.02 99.00  6.98 999 1019.6  -6.0   0.1 999.0 99.0 99.00
2013 03 16 20 50 195  3.6  5.6  0.02 99.00  6.67 999 1019.3  -6.2 999.0 999.0 99.0 99.00
2013 03 16 21 50 157  1.2  4.1  0.02 99.00  7.33 999 1019.3  -5.5 999.0 999.0 99.0 99.00
2013 03 16 22 50 243  3.1  4.6  0.02 99.00  7.13 999 1019.4  -6.2 999.0 999.0 99.0 99.00
2013 03 16 23 50 207  2.3  4.9  0.03 99.00  7.00 999 1020.1  -7.1 999.0 999.0 99.0 99.00
2013 03 17 01 50 256  1.7 99.0 99.00 99.00 99.00 999 9999.0 999.0 999.0 999.0 99.0 99.00
2013 03 17 02 50 270  1.6  3.5  0.03 99.00  7.18 999 1024.9 -10.6 999.0 999.0 99.0 99.00
2013 03 17 03 50 299  1.2  2.5  0.04 99.00  7.93 999 1025.7 -11.7 999.0 999.0 99.0 99.00
2013 03 17 04 50 301  1.6  3.3  0.03 99.00  7.51 999 1026.2 -12.7 999.0 999.0 99.0 99.00
2013 03 17 05 50 280  1.5  2.7  0.04 99.00  7.98 999 1027.0 -13.4 999.0 999.0 99.0 99.00
2013 03 17 06 50 302  1.0 99.0  0.05 99.00  9.11 999 1027.3 -14.0 999.0 999.0 99.0 99.00
2013 03 17 07 50 336  1.1  2.8 99.00 99.00 99.00 999 1027.7 -14.1 999.0 999.0 99.0 99.00
2013 03 17 08 50 310  1.4  3.3  0.06 99.00  9.02 999 1027.7 -14.8 999.0 999.0 99.0 99.00
2013 03 17 09 50 305  2.1  3.3  0.06 99.00  9.14 999 1027.3 -15.4 999.0 999.0 99.0 99.00
2013 03 17 10 50 305  1.8  2.8  0.06 99.00  9.22 999 1027.4 -15.5 999.0 999.0 99.0 99.00
2013 03 17 11 50 305  1.2  1.9  0.07 99.00  9.99 999 1027.2 -15.4 999.0 999.0 99.0 99.00
2013 03 17 12 50 174  0.0  1.4  0.04 99.00  7.94 999 1027.4 -16.5 999.0 999.0 99.0 99.00
2013 03 17 13 50 174  0.0  0.1 99.00 99.00 99.00 999 1027.2 -18.5 999.0 999.0 99.0 99.00
2013 03 17 14 50 140  0.1  1.3  0.13 99.00 12.37 999 1026.8 -12.8 999.0 999.0 99.0 99.00
2013 03 17 15 50 174  0.0  0.2  0.07 99.00 10.00 999 1026.4 -12.3 999.0 999.0 99.0 99.00
2013 03 17 16 50 312  1.4  2.3  0.04 99.00  7.94 999 1025.9 -10.9 999.0 999.0 99.0 99.00
2013 03 17 17 50 321  0.7  2.4  0.05 99.00  8.86 999 1024.5  -7.5 999.0 999.0 99.0 99.00
2013 03 17 18 50 327  0.9  2.1  0.06 99.00  8.97 999 1023.6  -6.1 999.0 999.0 99.0 99.00
2013 03 17 19 50 322  0.8  2.9  0.04 99.00  7.79 999 1021.7  -4.6 999.0 999.0 99.0 99.00
2013 03 17 20 50 323  1.3  3.2  0.03 99.00  6.95 999 1020.7  -5.2 999.0 999.0 99.0 99.00
2013 03 17 21 50 327  1.5  3.2  0.06 99.00  9.11 999 1019.5  -5.6 999.0 999.0 99.0 99.00
2013 03 17 22 50 328  1.8  3.8  0.05 99.00  8.98 999 1018.8  -5.6 999.0 999.0 99.0 99.00
2013 03 17 23 50 324  2.2  4.6  0.03 99.00  7.44 999 1018.3  -5.6 999.0 999.0 99.0 99.00
2013 03 18 00 50 323  3.2  4.9  0.04 99.00  7.71 999 1017.8  -5.3 999.0 999.0 99.0 99.00
2013 03 18 01 50  48  0.7  1.8  0.04 99.00  8.12 999 1017.1  -3.9 999.0 999.0 99.0 99.00
2013 03 18 02 50 259  0.1  1.1  0.03 99.00  7.24 999 1016.2  -4.9 999.0 999.0 99.0 99.00
2013 03 18 03 50 174  0.0  0.1  0.03 99.00  7.41 999 1015.8  -5.8 999.0 999.0 99.0 99.00
2013 03 18 04 50 174  0.1  0.6  0.06 99.00  8.67 999 1015.1  -5.5 999.0 999.0 99.0 99.00
2013 03 18 05 50 174  0.1  0.5  0.04 99.00  7.63 999 1014.6  -5.3 999.0 999.0 99.0 99.00
2013 03 18 06 50  52  0.7  1.6  0.03 99.00  7.20 999 1013.5  -4.6 999.0 999.0 99.0 99.00
2013 03 18 07 50  53  0.4  1.3  0.08 99.00 10.71 999 1012.1  -5.0 999.0 999.0 99.0 99.00
2013 03 18 09 50 174  0.0  0.1  0.03 99.00  7.33 999 1009.7  -4.7 999.0 999.0 99.0 99.00
2013 03 18 11 50 174  0.1  0.5  0.05 99.00  8.79 999 1007.5  -5.1 999.0 999.0 99.0 99.00
2013 03 18 13 50  16  0.3  2.1  0.03 99.00  7.33 999 1005.3  -4.4 999.0 999.0 99.0 99.00
2013 03 18 14 50  11  0.3  1.3  0.03 99.00  7.31 999 1004.2  -3.7 999.0 999.0 99.0 99.00
2013 03 18 15 50  18  0.2  1.2  0.03 99.00  7.30 999 1003.4  -2.8 999.0 999.0 99.0 99.00
2013 03 18 16 50 174  0.0  0.3 99.00 99.00 99.00 999 1002.4  -1.6 999.0 999.0 99.0 99.00
2013 03 18 17 50 174  0.1  0.6 99.00 99.00 99.00 999 1001.4  -1.3 999.0 999.0 99.0 99.00
2013 03 18 18 50 314  0.5  1.9  0.01 99.00  7.12 999 1000.8  -1.9 999.0 999.0 99.0 99.00
2013 03 18 19 50  68  3.7  4.6  0.05 99.00  5.41 999 1000.0  -1.2 999.0 999.0 99.0 99.00
2013 03 18 20 50  22  0.6  2.1  0.06 99.00  4.71 999  999.9  -1.3 999.0 999.0 99.0 99.00
2013 03 18 21 50  59  2.0  4.4  0.09 99.00  4.55 999  999.6  -1.1 999.0 999.0 99.0 99.00
2013 03 18 22 50  70  5.1  6.7  0.15 99.00  4.52 999  999.6  -1.2 999.0 999.0 99.0 99.00
2013 03 18 23 50  79  3.2  5.6  0.27  4.55  5.01 103  999.6  -1.2 999.0 999.0 99.0 99.00
2013 03 19 00 50  88  4.9  5.8  0.66  5.26  5.25  99  999.4  -1.1 999.0 999.0 99.0 99.00
2013 03 19 01 50  88  4.8  5.4  0.58  4.76  4.90 103  999.0  -1.1 999.0 999.0 99.0 99.00
2013 03 19 02 50  96  3.5  4.2  0.72  4.76  4.88  97  998.6  -1.0 999.0 999.0 99.0 99.00
2013 03 19 03 50  35  0.9  3.2  1.36  5.00  4.99 102  998.2  -1.4 999.0 999.0 99.0 99.00
2013 03 19 04 50  68  1.6  4.0  1.43  5.00  4.89 101  997.4  -1.7 999.0 999.0 99.0 99.00
2013 03 19 05 50  40  3.4  4.6  1.08  4.76  4.73  98  996.6  -1.9 999.0 999.0 99.0 99.00
2013 03 19 06 50 360  0.1  0.6  1.49  4.55  4.55 107  995.8  -1.3 999.0 999.0 99.0 99.00
2013 03 19 07 50 345  0.1  0.5  1.45  4.76  4.50 115  995.1  -0.9 999.0 999.0 99.0 99.00
2013 03 19 08 50  30  0.2  1.1  1.21  4.35  4.43 121  994.7  -0.7 999.0 999.0 99.0 99.00
2013 03 19 09 50  25  0.2  0.9  0.69  4.00  4.22 123  994.2  -0.6 999.0 999.0 99.0 99.00
2013 03 19 10 50  84  0.2  0.5  0.34  4.17  4.06 114  994.2  -0.9 999.0 999.0 99.0 99.00
2013 03 19 11 50 275  3.1  5.2  0.34  6.67  5.52 171  994.3  -0.7 999.0 999.0 99.0 99.00
2013 03 19 12 50 257  2.5  4.4  0.31  9.09  7.17 204  994.5  -0.8 999.0 999.0 99.0 99.00
2013 03 19 13 50 224  2.8  3.8  0.54  6.67  6.80 183  994.6  -0.5  -0.4 999.0 99.0 99.00
2013 03 19 14 50 201  5.0  5.9  0.37 10.00  7.07 204  994.8  -1.5  -0.3 999.0 99.0 99.00
2013 03 19 15 50 185  4.8  6.4  0.25  6.25  5.78 167  995.6  -2.1  -0.3 999.0 99.0 99.00
2013 03 19 16 50 168  5.0  7.9 99.00 99.00 99.00 999  996.5  -1.9  -0.1 999.0 99.0 99.00
2013 03 19 17 50 182  5.0  6.9  0.04 99.00  5.00 999  997.3  -2.0   0.3 999.0 99.0 99.00
2013 03 19 18 50 223  3.9  5.1  0.05 99.00  9.02 999  997.8  -1.4   0.7 999.0 99.0 99.00
2013 03 19 19 50 235  5.4  8.3  0.02 99.00  5.48 999  998.2  -1.3   1.0 999.0 99.0 99.00
2013 03 19 20 50 298  4.2  8.1  0.02 99.00  7.14 999 1000.1  -1.4   0.9 999.0 99.0 99.00
2013 03 19 22 50 353  1.5  7.0  0.02 99.00  7.14 999 1003.3  -1.9  -0.1 999.0 99.0 99.00
2013 03 19 23 50 275  4.9  9.0  0.03 99.00  5.85 999 1004.6  -2.9 999.0 999.0 99.0 99.00
2013 03 20 00 50 275  3.0  7.0 99.00 99.00 99.00 999 1005.4  -3.4 999.0 999.0 99.0 99.00
2013 03 20 01 50 270  3.2  4.4 99.00 99.00 99.00 999 1006.1  -3.9 999.0 999.0 99.0 99.00
2013 03 20 03 50 228  3.5  5.0  0.21 99.00  5.99 999 1006.2  -3.1 999.0 999.0 99.0 99.00
2013 03 20 04 50 206  2.9  5.9  0.02 99.00  5.34 999 1006.6  -5.0 999.0 999.0 99.0 99.00
2013 03 20 05 50 258  2.8  6.0 99.00 99.00 99.00 999 1006.8  -5.6 999.0 999.0 99.0 99.00
2013 03 20 06 50 254  3.4  4.3  0.05 99.00  8.87 999 1006.9  -6.1 999.0 999.0 99.0 99.00
2013 03 20 07 50 245  3.1  4.2  0.03 99.00  7.69 999 1006.7  -6.6 999.0 999.0 99.0 99.00
2013 03 20 08 50 245  3.4  4.4  0.05 99.00  8.60 999 1006.6  -7.5 999.0 999.0 99.0 99.00
2013 03 20 09 50 243  3.7  4.9  0.05 99.00  8.68 999 1006.5  -7.2 999.0 999.0 99.0 99.00
2013 03 20 10 50 242  3.9  5.4  0.08 99.00  9.91 999 1006.4  -7.2 999.0 999.0 99.0 99.00
2013 03 20 11 50 243  4.1  5.5 99.00 99.00 99.00 999 1006.3  -7.3 999.0 999.0 99.0 99.00
2013 03 20 13 50 237  4.1  5.7  0.05 99.00  5.63 999 1005.3  -6.3 999.0 999.0 99.0 99.00
2013 03 20 14 50 266  5.0  8.7  0.07 99.00  9.38 999 1005.5  -4.3 999.0 999.0 99.0 99.00
2013 03 20 15 50 258  4.5  7.8  0.02 99.00  7.14 999 1005.6  -3.7 999.0 999.0 99.0 99.00
2013 03 20 16 50 249  5.8  8.3  0.02 99.00  7.14 999 1005.6  -3.6 999.0 999.0 99.0 99.00
2013 03 20 17 50 242  3.1  4.3  0.01 99.00  6.89 999 1006.2  -3.3 999.0 999.0 99.0 99.00
2013 03 20 18 50  49  0.7  2.3  0.01 99.00  7.14 999 1005.8  -0.6 999.0 999.0 99.0 99.00
2013 03 20 19 50  44  0.5  2.1  0.02 99.00  7.87 999 1006.1  -1.2  -0.4 999.0 99.0 99.00
2013 03 20 20 50 181  0.8  3.6  0.02 99.00  6.64 999 1006.4  -1.5  -0.3 999.0 99.0 99.00
2013 03 20 21 50 176  0.5  2.5  0.05 99.00  8.54 999 1007.0  -1.6  -0.3 999.0 99.0 99.00
2013 03 20 22 50 184  1.1  2.9  0.03 99.00  7.29 999 1007.5  -2.0  -0.4 999.0 99.0 99.00
2013 03 20 23 50 186  0.6  2.2  0.05 99.00  8.55 999 1008.1  -2.5 999.0 999.0 99.0 99.00
2013 03 21 00 50 186  0.8  2.4  0.04 99.00  8.04 999 1008.3  -2.6 999.0 999.0 99.0 99.00
2013 03 21 01 50 174  0.0  0.4  0.05 99.00  8.62 999 1008.4  -3.3 999.0 999.0 99.0 99.00
2013 03 21 02 50 174  0.1  0.9  0.04 99.00  7.56 999 1008.5  -3.4 999.0 999.0 99.0 99.00
2013 03 21 03 50 276  0.2  1.1  0.03 99.00  7.18 999 1008.8  -3.6 999.0 999.0 99.0 99.00
2013 03 21 04 50 255  0.3  1.7  0.03 99.00  7.38 999 1008.8  -3.6 999.0 999.0 99.0 99.00
2013 03 21 05 50 269  0.3  1.5  0.04 99.00  7.61 999 1009.0  -4.0 999.0 999.0 99.0 99.00
2013 03 21 06 50 229  0.3  1.8  0.04 99.00  8.17 999 1009.3  -4.4 999.0 999.0 99.0 99.00
2013 03 21 07 50 189  0.3  1.3  0.03 99.00  7.05 999 1009.6  -5.1 999.0 999.0 99.0 99.00
2013 03 21 08 50 184  0.1  1.1  0.04 99.00  8.12 999 1009.5  -5.1 999.0 999.0 99.0 99.00
2013 03 21 09 50 218  0.4  1.6  0.05 99.00  8.72 999 1009.6  -5.4 999.0 999.0 99.0 99.00
2013 03 21 10 50 282  0.2  2.1  0.03 99.00  7.24 999 1010.2  -5.9 999.0 999.0 99.0 99.00
2013 03 21 11 50 318  1.3  2.6  0.03 99.00  7.41 999 1010.4  -6.0 999.0 999.0 99.0 99.00
2013 03 21 12 50 220  0.3  1.4  0.04 99.00  7.73 999 1010.8  -6.1 999.0 999.0 99.0 99.00
2013 03 21 13 50 260  4.3  6.0 99.00 99.00 99.00 999 1010.9  -6.3 999.0 999.0 99.0 99.00
2013 03 21 15 50 319  2.1  4.9  0.02 99.00  7.14 999 1011.5  -5.8 999.0 999.0 99.0 99.00
2013 03 21 16 50 324  2.3  5.9  0.01 99.00  7.10 999 1011.7  -5.1 999.0 999.0 99.0 99.00
2013 03 21 17 50 315  3.7  6.7  0.03 99.00  5.41 999 1011.5  -5.6 999.0 999.0 99.0 99.00
2013 03 21 18 50 298  3.2  6.8  0.02 99.00  7.65 999 1011.6  -4.9 999.0 999.0 99.0 99.00
2013 03 21 19 50 321  2.7  5.3  0.02 99.00  7.14 999 1011.7  -4.7 999.0 999.0 99.0 99.00
2013 03 21 20 50 317  1.5  6.2 99.00 99.00 99.00 999 1012.0  -4.1 999.0 999.0 99.0 99.00
2013 03 21 21 50 303  1.2  4.5 99.00 99.00 99.00 999 1012.1  -4.6 999.0 999.0 99.0 99.00
2013 03 21 22 50 320  4.3  8.8 99.00 99.00 99.00 999 1012.4  -4.2 999.0 999.0 99.0 99.00
2013 03 21 23 50 293  2.4  5.9  0.01 99.00  7.14 999 1012.4  -4.2 999.0 999.0 99.0 99.00
2013 03 22 00 50 288  1.0  4.4  0.01 99.00  7.14 999 1012.6  -4.3 999.0 999.0 99.0 99.00
2013 03 22 01 50 295  1.0  2.8 99.00 99.00 99.00 999 1012.5  -3.9 999.0 999.0 99.0 99.00
2013 03 22 02 50 308  1.1  2.9  0.03 99.00  7.01 999 1012.1  -3.1 999.0 999.0 99.0 99.00
2013 03 22 03 50 349  3.4  4.8  0.04 99.00  7.99 999 1011.8  -2.3 999.0 999.0 99.0 99.00
2013 03 22 04 50 351  3.3  4.9  0.05 99.00  8.06 999 1011.9  -2.8 999.0 999.0 99.0 99.00
2013 03 22 05 50 360  2.9  4.4  0.04 99.00  8.42 999 1012.0  -2.9 999.0 999.0 99.0 99.00
2013 03 22 06 50   4  2.1  3.0  0.06 99.00  9.25 999 1012.2  -4.2 999.0 999.0 99.0 99.00
2013 03 22 07 50 360  1.4  1.8  0.04 99.00  7.96 999 1012.5  -6.5 999.0 999.0 99.0 99.00
2013 03 22 08 50  17  1.6  2.0  0.03 99.00  7.38 999 1012.8  -7.3 999.0 999.0 99.0 99.00
2013 03 22 09 50   1  0.9  1.3  0.04 99.00  8.42 999 1013.2  -7.5 999.0 999.0 99.0 99.00
2013 03 22 10 50 358  0.8  1.3  0.04 99.00  8.13 999 1013.6  -7.1 999.0 999.0 99.0 99.00
2013 03 22 11 50 350  1.5  4.1  0.01 99.00  7.58 999 1014.0  -5.6 999.0 999.0 99.0 99.00
2013 03 22 12 50 346  0.5  2.9  0.01 99.00  7.14 999 1014.3  -5.5 999.0 999.0 99.0 99.00
2013 03 22 13 50 312  0.9  2.5 99.00 99.00 99.00 999 1014.3  -3.8 999.0 999.0 99.0 99.00
2013 03 22 14 50 219  0.5  2.0  0.02 99.00  7.14 999 1014.3  -3.1 999.0 999.0 99.0 99.00
2013 03 22 15 50 181  0.6  2.0  0.02 99.00  6.41 999 1014.3  -2.5 999.0 999.0 99.0 99.00
2013 03 22 16 50 186  0.9  2.8  0.03 99.00  7.30 999 1014.2  -2.5 999.0 999.0 99.0 99.00
2013 03 22 17 50 204  0.6  2.0  0.05 99.00  8.27 999 1014.4  -1.8 999.0 999.0 99.0 99.00
2013 03 22 18 50 359  1.8  7.4  0.04 99.00  7.93 999 1014.3  -1.5 999.0 999.0 99.0 99.00
2013 03 22 19 50 315  2.4  8.5  0.02 99.00  7.14 999 1014.6  -2.7 999.0 999.0 99.0 99.00
2013 03 22 20 50 295  2.1  4.3  0.02 99.00  7.14 999 1014.6  -2.9 999.0 999.0 99.0 99.00
2013 03 22 21 50 291  3.3  4.8  0.01 99.00  7.14 999 1015.0  -3.0 999.0 999.0 99.0 99.00
2013 03 22 22 50 293  3.0  5.3  0.02 99.00  7.14 999 1015.6  -2.5 999.0 999.0 99.0 99.00
2013 03 23 00 50 292  0.9  3.5  0.02 99.00  7.14 999 1016.5  -3.4 999.0 999.0 99.0 99.00
2013 03 23 01 50 264  1.3  2.6  0.04 99.00  8.06 999 1017.0  -3.8 999.0 999.0 99.0 99.00
2013 03 23 02 50 275  2.5  3.4  0.03 99.00  7.36 999 1017.1  -3.4 999.0 999.0 99.0 99.00
2013 03 23 03 50 282  3.4  4.4  0.06 99.00  8.91 999 1017.1  -2.6 999.0 999.0 99.0 99.00
2013 03 23 04 50 292  3.5  3.9  0.04 99.00  8.06 999 1017.0  -2.5 999.0 999.0 99.0 99.00
2013 03 23 05 50 295  1.4  1.7  0.12 99.00 11.88 999 1017.1  -4.0 999.0 999.0 99.0 99.00
2013 03 23 06 50 282  1.5  1.7  0.03 99.00  7.29 999 1017.3  -5.1 999.0 999.0 99.0 99.00
2013 03 23 07 50 174  0.0  0.3  0.04 99.00  7.99 999 1017.3  -5.5 999.0 999.0 99.0 99.00
2013 03 23 08 50  17  1.3  2.0  0.04 99.00  8.00 999 1017.3  -5.3 999.0 999.0 99.0 99.00
2013 03 23 09 50   4  2.0  2.7  0.05 99.00  8.45 999 1017.7  -4.6 999.0 999.0 99.0 99.00
2013 03 23 10 50  47  0.7  1.2  0.04 99.00  7.55 999 1018.2  -7.0 999.0 999.0 99.0 99.00
2013 03 23 11 50 301  0.2  1.3 99.00 99.00 99.00 999 1018.8  -6.8 999.0 999.0 99.0 99.00
2013 03 23 12 50 297  0.3  3.0  0.01 99.00  7.14 999 1019.4  -5.2 999.0 999.0 99.0 99.00
2013 03 23 13 50  25  1.3  6.5  0.02 99.00  7.14 999 1019.3  -2.0 999.0 999.0 99.0 99.00
2013 03 23 14 50 120  2.6  6.0  0.02 99.00  7.14 999 1019.8  -4.3 999.0 999.0 99.0 99.00
2013 03 23 15 50 149  0.6  2.1  0.02 99.00  7.14 999 1019.5  -2.2 999.0 999.0 99.0 99.00
2013 03 23 16 50 330  0.8  2.0  0.02 99.00  7.24 999 1018.6   0.6 999.0 999.0 99.0 99.00
2013 03 23 17 50 214  0.8  2.7  0.01 99.00  7.02 999 1018.7   1.8 999.0 999.0 99.0 99.00
2013 03 23 18 50 315  0.9  2.9  0.04 99.00  8.24 999 1018.8   1.1 999.0 999.0 99.0 99.00
2013 03 23 19 50 179  1.3  3.2  0.04 99.00  7.59 999 1018.8   1.3 999.0 999.0 99.0 99.00
2013 03 23 20 50 201  0.9  2.9  0.03 99.00  7.24 999 1019.0   0.9 999.0 999.0 99.0 99.00
2013 03 23 21 50 186  1.0  2.8  0.04 99.00  7.39 999 1019.2   0.4 999.0 999.0 99.0 99.00
2013 03 23 22 50 319  1.1  3.0  0.05 99.00  8.38 999 1019.0  -0.9 999.0 999.0 99.0 99.00
2013 03 23 23 50 200  0.5  2.8  0.05 99.00  8.23 999 1019.0  -1.3 999.0 999.0 99.0 99.00
2013 03 24 00 50 321  0.2  1.0  0.03 99.00  7.46 999 1019.6  -1.8 999.0 999.0 99.0 99.00
2013 03 24 01 50 171  0.1  1.0  0.04 99.00  7.97 999 1019.7  -2.5 999.0 999.0 99.0 99.00
2013 03 24 02 50 243  1.4  2.7  0.03 99.00  6.99 999 1019.8  -3.8 999.0 999.0 99.0 99.00
2013 03 24 03 50 247  1.4  2.3  0.04 99.00  7.40 999 1019.8  -2.8 999.0 999.0 99.0 99.00
2013 03 24 04 50 248  1.7  2.3  0.03 99.00  6.85 999 1019.4  -3.2 999.0 999.0 99.0 99.00
2013 03 24 05 50 245  3.0  4.0  0.05 99.00  8.75 999 1019.4  -4.1 999.0 999.0 99.0 99.00
2013 03 24 06 50 242  0.9  1.7  0.02 99.00  6.59 999 1019.1  -4.0 999.0 999.0 99.0 99.00
2013 03 24 07 50 174  0.0  0.2  0.03 99.00  6.62 999 1019.0  -4.0 999.0 999.0 99.0 99.00
2013 03 24 08 50 174  0.1  0.8  0.03 99.00  7.26 999 1018.6  -3.5 999.0 999.0 99.0 99.00
2013 03 24 09 50  21  0.2  1.1  0.05 99.00  8.96 999 1018.9  -4.0 999.0 999.0 99.0 99.00
2013 03 24 10 50 174  0.0  0.0  0.05 99.00  8.62 999 1019.5  -4.9 999.0 999.0 99.0 99.00
2013 03 24 11 50  19  0.3  1.1  0.03 99.00  6.75 999 1019.5  -5.0 999.0 999.0 99.0 99.00
2013 03 24 12 50  14  0.4  1.3  0.04 99.00  8.10 999 1019.2  -3.9 999.0 999.0 99.0 99.00
2013 03 24 13 50 174  0.0  0.3  0.03 99.00  7.28 999 1018.9  -2.4 999.0 999.0 99.0 99.00
2013 03 24 14 50 240  1.2  2.0  0.07 99.00  9.59 999 1018.4  -1.0 999.0 999.0 99.0 99.00
2013 03 24 15 50 244  1.8  3.4  0.03 99.00  7.18 999 1017.3   0.5 999.0 999.0 99.0 99.00
2013 03 24 16 50 264  2.6  5.9 99.00 99.00 99.00 999 1017.1  -2.5 999.0 999.0 99.0 99.00
2013 03 24 17 50  29  0.4  0.8  0.04 99.00  6.17 999 1016.4  -1.7 999.0 999.0 99.0 99.00
2013 03 24 18 50 183  0.3  1.2  0.02 99.00  5.35 999 1015.5  -1.2 999.0 999.0 99.0 99.00
2013 03 24 19 50 318  4.5  8.1  0.01 99.00  5.43 999 1014.6  -1.9 999.0 999.0 99.0 99.00
2013 03 24 20 50 316  2.3  4.1  0.01 99.00  7.14 999 1013.3  -0.3 999.0 999.0 99.0 99.00
2013 03 24 21 50 319  0.3  1.3  0.05 99.00  9.60 999 1012.4   1.1 999.0 999.0 99.0 99.00
2013 03 24 22 50 353  1.2  2.6  0.03 99.00  7.82 999 1011.9   1.3 999.0 999.0 99.0 99.00
2013 03 25 00 50 339  2.0  3.8  0.02 99.00  6.50 999 1012.3  -2.2 999.0 999.0 99.0 99.00
2013 03 25 01 50  10  1.1  2.8  0.04 99.00  7.81 999 1012.9  -2.3 999.0 999.0 99.0 99.00
2013 03 25 02 50  11  0.4  1.7  0.04 99.00  8.11 999 1013.4  -2.4 999.0 999.0 99.0 99.00
2013 03 25 03 50  16  0.5  1.7  0.04 99.00  7.45 999 1013.6  -2.8 999.0 999.0 99.0 99.00
2013 03 25 04 50 325  0.3  1.6  0.04 99.00  8.13 999 1013.7  -2.9 999.0 999.0 99.0 99.00
2013 03 25 05 50   7  0.8  2.5  0.03 99.00  7.48 999 1013.8  -1.5 999.0 999.0 99.0 99.00
2013 03 25 06 50  32  1.0  2.8  0.04 99.00  8.09 999 1013.5  -1.4 999.0 999.0 99.0 99.00
2013 03 25 07 50  31  0.7  2.7  0.04 99.00  7.83 999 1013.4  -1.6 999.0 999.0 99.0 99.00
2013 03 25 08 50   5  0.6  1.8  0.02 99.00  6.61 999 1013.0  -2.2 999.0 999.0 99.0 99.00
2013 03 25 09 50   1  0.4  1.2  0.05 99.00  8.49 999 1013.1  -3.1 999.0 999.0 99.0 99.00
2013 03 25 10 50   7  0.7  1.8  0.04 99.00  8.42 999 1013.1  -2.9 999.0 999.0 99.0 99.00
2013 03 25 11 50 330  1.1  2.5  0.01 99.00  7.26 999 1013.2  -2.9 999.0 999.0 99.0 99.00
2013 03 25 12 50 356  4.6  5.8  0.04 99.00  3.94 999 1013.0  -3.1 999.0 999.0 99.0 99.00
2013 03 25 13 50 351  4.2  8.1  0.04 99.00  4.87 999 1013.3  -2.6 999.0 999.0 99.0 99.00
2013 03 25 14 50  28  3.0  4.2  0.05 99.00  5.23 999 1013.7  -2.0 999.0 999.0 99.0 99.00
2013 03 25 15 50 356  2.8  6.2  0.03 99.00  3.90 999 1014.0  -0.7 999.0 999.0 99.0 99.00
2013 03 25 16 50  35  1.4  2.1  0.02 99.00  5.21 999 1013.5  -0.1 999.0 999.0 99.0 99.00
2013 03 25 17 50 332  3.2  6.9  0.01 99.00  6.20 999 1013.3   0.5 999.0 999.0 99.0 99.00
2013 03 25 18 50 318  1.6  6.2  0.02 99.00  6.36 999 1013.6   1.1 999.0 999.0 99.0 99.00
2013 03 25 19 50  24  0.8  2.1  0.02 99.00  6.98 999 1013.0   1.2 999.0 999.0 99.0 99.00
2013 03 25 20 50 324  4.0  7.3  0.02 99.00  7.14 999 1013.3   1.1 999.0 999.0 99.0 99.00
2013 03 25 21 50  42  0.5  1.3  0.02 99.00  6.70 999 1013.3   1.2 999.0 999.0 99.0 99.00
2013 03 25 23 50   3  1.8  2.6  0.01 99.00  7.14 999 1013.9   2.1 999.0 999.0 99.0 99.00
2013 03 26 00 50   7  1.3  2.6  0.03 99.00  6.67 999 1014.4   3.1 999.0 999.0 99.0 99.00
2013 03 26 01 50   2  2.0  3.1  0.04 99.00  7.86 999 1014.8   2.7 999.0 999.0 99.0 99.00
2013 03 26 02 50   8  1.6  2.8  0.05 99.00  8.60 999 1015.3   2.2 999.0 999.0 99.0 99.00
2013 03 26 03 50  14  2.0  3.6  0.04 99.00  7.71 999 1015.3   2.2 999.0 999.0 99.0 99.00
2013 03 26 04 50   4  2.0  3.3  0.05 99.00  8.77 999 1015.5   1.9 999.0 999.0 99.0 99.00
2013 03 26 05 50   7  2.0  3.2  0.03 99.00  6.92 999 1015.8   1.7 999.0 999.0 99.0 99.00
2013 03 26 06 50  11  1.8  3.0  0.03 99.00  6.83 999 1016.0   1.7 999.0 999.0 99.0 99.00
2013 03 26 07 50   9  0.5  1.6  0.05 99.00  8.26 999 1016.1   1.8 999.0 999.0 99.0 99.00
2013 03 26 08 50 312  0.3  1.1  0.03 99.00  7.22 999 1016.2   1.5 999.0 999.0 99.0 99.00
2013 03 26 09 50 340  0.2  0.9  0.03 99.00  7.33 999 1016.4   1.3 999.0 999.0 99.0 99.00
2013 03 26 10 50   5  1.2  3.3  0.04 99.00  7.46 999 1016.7   1.2 999.0 999.0 99.0 99.00
2013 03 26 11 50 342  0.1  0.8  0.03 99.00  6.87 999 1017.3   0.7 999.0 999.0 99.0 99.00
2013 03 26 13 50 311  1.1  4.3  0.02 99.00  6.59 999 1018.7  -1.1 999.0 999.0 99.0 99.00
2013 03 26 14 50 314  2.8 99.0 99.00 99.00 99.00 999 1019.2   0.6 999.0 999.0 99.0 99.00
2013 03 26 15 50 212  0.2  1.3  0.01 99.00  5.58 999 1019.2   1.5 999.0 999.0 99.0 99.00
2013 03 26 16 50 324  4.2  7.5  0.01 99.00  7.14 999 1019.0   0.8 999.0 999.0 99.0 99.00
2013 03 26 17 50  25  0.2  1.0  0.02 99.00  7.14 999 1018.9   1.9 999.0 999.0 99.0 99.00
2013 03 26 18 50 354  2.4  4.7  0.01 99.00  7.14 999 1018.2   1.1 999.0 999.0 99.0 99.00
2013 03 26 19 50 342  1.4 99.0 99.00 99.00 99.00 999 1018.0   1.3 999.0 999.0 99.0 99.00
2013 03 26 20 50 318  5.2  9.3  0.01 99.00  7.14 999 1018.1   2.0 999.0 999.0 99.0 99.00
2013 03 26 21 50 304  3.9  6.5 99.00 99.00 99.00 999 1017.6   2.0 999.0 999.0 99.0 99.00
2013 03 26 23 50 274  6.5  9.5  0.01 99.00  7.14 999 1018.6   0.6 999.0 999.0 99.0 99.00
2013 03 27 00 50 317  4.7  7.7 99.00 99.00 99.00 999 1018.8   0.5 999.0 999.0 99.0 99.00
2013 03 27 01 50 238  0.6  1.6  0.32  4.76  4.87  81 1019.3   0.7 999.0 999.0 99.0 99.00
2013 03 27 02 50 139  0.6  2.2  0.03 99.00  6.57 999 1019.0   0.8 999.0 999.0 99.0 99.00
2013 03 27 03 50 174  0.0  0.1  0.04 99.00  7.82 999 1019.2   0.4 999.0 999.0 99.0 99.00
2013 03 27 04 50 250  0.1  0.8  0.04 99.00  8.06 999 1019.0   0.0 999.0 999.0 99.0 99.00
2013 03 27 05 50 164  0.1  0.9  0.05 99.00  8.25 999 1018.8  -0.5 999.0 999.0 99.0 99.00
2013 03 27 06 50 119  0.2  0.8  0.04 99.00  7.79 999 1018.8  -1.5 999.0 999.0 99.0 99.00
2013 03 27 07 50 203  0.5  1.7  0.03 99.00  7.13 999 1018.7  -1.9 999.0 999.0 99.0 99.00
2013 03 27 08 50   9  0.2  1.0  0.04 99.00  7.56 999 1018.8  -1.5 999.0 999.0 99.0 99.00
2013 03 27 09 50   6  0.2  0.9  0.03 99.00  6.97 999 1019.3  -1.9 999.0 999.0 99.0 99.00
2013 03 27 10 50 322  0.2  1.3  0.05 99.00  8.27 999 1019.6  -1.5 999.0 999.0 99.0 99.00
2013 03 27 11 50 338  0.6  2.1  0.05 99.00  8.06 999 1019.9  -1.2 999.0 999.0 99.0 99.00
2013 03 27 12 50 325  2.6  7.6  0.01 99.00  5.90 999 1020.6  -0.5 999.0 999.0 99.0 99.00
2013 03 27 13 50  65  0.3  1.0  0.01 99.00  7.14 999 1020.7  -1.0 999.0 999.0 99.0 99.00
2013 03 27 14 50 314  6.3 10.0  0.01 99.00  7.14 999 1020.7  -0.2 999.0 999.0 99.0 99.00
2013 03 27 15 50  40  0.2  0.9  0.01 99.00  7.14 999 1021.1   0.5 999.0 999.0 99.0 99.00
2013 03 27 16 50 318  2.5  4.3  0.02 99.00  7.14 999 1020.7   0.0 999.0 999.0 99.0 99.00
2013 03 27 17 50 286  2.2  4.4 99.00 99.00 99.00 999 1020.2   1.5 999.0 999.0 99.0 99.00
2013 03 27 18 50 277  0.8  2.4  0.02 99.00  7.31 999 1020.3   2.1 999.0 999.0 99.0 99.00
2013 03 27 19 50  82  0.9  2.7  0.07 99.00  9.64 999 1021.1   2.2 999.0 999.0 99.0 99.00
2013 03 27 20 50 315  1.9  5.6  0.01 99.00  7.38 999 1021.2   2.4 999.0 999.0 99.0 99.00
2013 03 27 21 50 320  2.1  5.7  0.04 99.00  7.41 999 1021.3   2.5 999.0 999.0 99.0 99.00
2013 03 27 22 50 319  1.9  4.6  0.04 99.00  7.49 999 1021.9   1.5 999.0 999.0 99.0 99.00
2013 03 27 23 50 317  1.5  6.5  0.05 99.00  8.48 999 1022.3   1.2 999.0 999.0 99.0 99.00
2013 03 28 00 50 317  1.6  4.4  0.04 99.00  7.40 999 1022.3   1.1 999.0 999.0 99.0 99.00
2013 03 28 01 50 317  1.4  4.4  0.03 99.00  7.41 999 1022.6   1.1 999.0 999.0 99.0 99.00
2013 03 28 02 50 305  0.7  2.0  0.06 99.00  9.16 999 1022.6   1.1 999.0 999.0 99.0 99.00
2013 03 28 03 50 269  0.3  1.0  0.05 99.00  8.47 999 1022.5   0.8 999.0 999.0 99.0 99.00
2013 03 28 04 50 265  0.2  1.0  0.04 99.00  7.54 999 1022.6   0.4 999.0 999.0 99.0 99.00
2013 03 28 05 50 174  0.0  0.6  0.03 99.00  7.40 999 1022.7   0.4 999.0 999.0 99.0 99.00
2013 03 28 06 50 174  0.0  0.5  0.04 99.00  7.54 999 1022.9  -0.3 999.0 999.0 99.0 99.00
2013 03 28 07 50 263  0.1  0.9  0.05 99.00  8.07 999 1023.1  -0.4 999.0 999.0 99.0 99.00
2013 03 28 08 50 174  0.1  0.6  0.04 99.00  8.24 999 1023.3  -0.8 999.0 999.0 99.0 99.00
2013 03 28 09 50 300  0.2  1.0  0.04 99.00  7.44 999 1023.4  -0.8 999.0 999.0 99.0 99.00
2013 03 28 10 50 287  0.1  1.2  0.03 99.00  7.16 999 1023.8  -1.2 999.0 999.0 99.0 99.00
2013 03 28 11 50 174  0.0  0.5  0.04 99.00  8.06 999 1024.2  -1.2 999.0 999.0 99.0 99.00
2013 03 28 13 50 247  0.1  0.8  0.04 99.00  8.12 999 1024.4   0.5 999.0 999.0 99.0 99.00
2013 03 28 14 50 272  0.5  2.6 99.00 99.00 99.00 999 1024.3   2.9 999.0 999.0 99.0 99.00
2013 03 28 15 50 307  1.2  3.2  0.05 99.00  7.99 999 1024.2   4.8 999.0 999.0 99.0 99.00
2013 03 28 16 50 309  1.7  4.1 99.00 99.00 99.00 999 1024.4   4.8 999.0 999.0 99.0 99.00
2013 03 28 17 50 259  1.7  5.2  0.02 99.00  7.75 999 1023.8   4.0 999.0 999.0 99.0 99.00
2013 03 28 18 50 316  4.5  8.3 99.00 99.00 99.00 999 1024.3   1.6 999.0 999.0 99.0 99.00
2013 03 28 21 50 296  7.5 13.1 99.00 99.00 99.00 999 1024.1   1.3 999.0 999.0 99.0 99.00
2013 03 29 01 50 289  2.0  4.2 99.00 99.00 99.00 999 1025.0   1.4 999.0 999.0 99.0 99.00
2013 03 29 02 50 290 99.0 99.0 99.00 99.00 99.00 999 9999.0 999.0 999.0 999.0 99.0 99.00
2013 03 29 03 50 297  5.4  6.4 99.00 99.00 99.00 999 1025.1   1.7 999.0 999.0 99.0 99.00
2013 03 29 04 50 300  5.8  6.7 99.00 99.00 99.00 999 1025.0   1.7 999.0 999.0 99.0 99.00
2013 03 29 05 50 299  5.8  6.8 99.00 99.00 99.00 999 1025.0   1.7 999.0 999.0 99.0 99.00
2013 03 29 06 50 305  4.8  6.1 99.00 99.00 99.00 999 1025.1   1.8 999.0 999.0 99.0 99.00
2013 03 29 07 50 304  4.6  5.7 99.00 99.00 99.00 999 1025.1   1.7 999.0 999.0 99.0 99.00
2013 03 29 08 50 334  3.5  4.3 99.00 99.00 99.00 999 1025.1   1.7 999.0 999.0 99.0 99.00
2013 03 29 09 50 328  2.7  3.3 99.00 99.00 99.00 999 1025.2   1.5 999.0 999.0 99.0 99.00
2013 03 29 10 50 306  2.5  3.1 99.00 99.00 99.00 999 1025.2   1.5 999.0 999.0 99.0 99.00
2013 03 29 11 50 307  2.9  3.4 99.00 99.00 99.00 999 1025.3   1.6 999.0 999.0 99.0 99.00
2013 03 29 12 50 283  2.8  3.4 99.00 99.00 99.00 999 1025.6   1.8 999.0 999.0 99.0 99.00
2013 03 29 13 50 285  3.6  4.2 99.00 99.00 99.00 999 1025.6   1.8 999.0 999.0 99.0 99.00
2013 03 29 14 50 288  4.0  4.8 99.00 99.00 99.00 999 1025.4   1.7   1.8 999.0 99.0 99.00
2013 03 29 15 50 289  3.7  4.4 99.00 99.00 99.00 999 1025.4   1.7   1.9 999.0 99.0 99.00
2013 03 29 16 50 284  2.7  3.2 99.00 99.00 99.00 999 1025.3   1.7   2.0 999.0 99.0 99.00
2013 03 29 17 50 284  3.0  3.6 99.00 99.00 99.00 999 1025.0   1.7   2.0 999.0 99.0 99.00
2013 03 29 18 50 270  2.9  3.5 99.00 99.00 99.00 999 1024.7   1.7   2.1 999.0 99.0 99.00
2013 03 29 19 50 263  3.2  3.9 99.00 99.00 99.00 999 1024.2   1.7   2.1 999.0 99.0 99.00
2013 03 29 20 50 261  3.1  3.7 99.00 99.00 99.00 999 1023.8   1.8   2.2 999.0 99.0 99.00
2013 03 29 21 50 240  1.9  2.7  0.28  3.57  3.29 276 1023.4   2.0   2.1 999.0 99.0 99.00
2013 03 29 22 50 241  2.1  2.6  0.30  3.70  3.37 278 1023.2   2.0   2.1 999.0 99.0 99.00
2013 03 29 23 50 233  1.7  2.2  0.25 99.00  3.25 999 1022.8   1.6   2.1 999.0 99.0 99.00
2013 03 30 00 50 193  1.9  2.5  0.23 99.00  3.22 999 1022.3   1.2   2.0 999.0 99.0 99.00
2013 03 30 01 50 203  3.4  4.3  0.23 99.00  3.23 999 1022.2   1.4   1.9 999.0 99.0 99.00
2013 03 30 02 50 194  2.8  3.3  0.23 99.00  3.26 999 1021.9   1.5   1.9 999.0 99.0 99.00
2013 03 30 03 50 187  3.5  4.1  0.21 99.00  3.28 999 1021.5   1.7   1.8 999.0 99.0 99.00
2013 03 30 04 50 195  4.4  5.2  0.21 99.00  3.26 999 1020.9   2.1   1.8 999.0 99.0 99.00
2013 03 30 05 50 201  6.3  7.2  0.24 99.00  2.93 999 1020.2   2.7   1.8 999.0 99.0 99.00
2013 03 30 06 50 202  5.5  6.4  0.33  2.60  2.70 219 1019.7   2.5   1.8 999.0 99.0 99.00
2013 03 30 07 50 196  5.2  6.0  0.35  2.74  2.78 207 1019.0   2.2   1.8 999.0 99.0 99.00
2013 03 30 08 50 212  5.5  6.1  0.31  2.74  2.74 226 1018.2   2.2   1.8 999.0 99.0 99.00
2013 03 30 09 50 199  4.6  5.4  0.35  2.86  2.82 213 1017.6   2.0   1.8 999.0 99.0 99.00
2013 03 30 10 50 206  5.2  6.0  0.38  3.45  3.09 206 1016.8   2.1   1.8 999.0 99.0 99.00
2013 03 30 11 50 206  6.2  7.0  0.50  4.17  3.36 207 1016.3   2.2   1.8 999.0 99.0 99.00
2013 03 30 12 50 200  7.5  8.5  0.53  3.85  3.26 202 1016.0   2.1   1.8 999.0 99.0 99.00
2013 03 30 13 50 196  7.4  8.4  0.58  3.57  3.30 192 1015.1   2.2   1.8 999.0 99.0 99.00
2013 03 30 14 50 196  8.6  9.9  0.64  3.85  3.31 193 1014.2   2.2   1.8 999.0 99.0 99.00
2013 03 30 15 50 193  8.2  9.3  0.88  4.17  3.66 201 1013.4   2.4   1.8 999.0 99.0 99.00
2013 03 30 16 50 195  8.8 10.8  0.86  4.35  3.64 202 1013.0   2.1   1.8 999.0 99.0 99.00
2013 03 30 17 50 197 10.8 13.2  0.89  4.35  3.61 191 1012.0   1.9   1.9 999.0 99.0 99.00
2013 03 30 18 50 187 12.9 15.6  1.23  4.55  4.02 200 1010.5   1.5   1.9 999.0 99.0 99.00
2013 03 30 19 50 187 12.3 15.4  1.74  5.26  4.63 202 1009.5   1.4   1.9 999.0 99.0 99.00
2013 03 30 20 50 198 11.5 14.7  2.04  5.88  4.93 203 1008.9   1.7   1.9 999.0 99.0 99.00
2013 03 30 21 50 207  9.6 12.8  2.13  6.25  5.09 205 1008.6   1.3   1.9 999.0 99.0 99.00
2013 03 30 22 50 215  9.4 11.5  1.80  6.25  4.96 204 1008.2   2.0   1.9 999.0 99.0 99.00
2013 03 30 23 50 217  7.5  8.5  1.70  5.88  5.02 203 1008.1   1.9   1.9 999.0 99.0 99.00
2013 03 31 00 50 215  6.3  7.5  1.49  5.88  4.84 196 1007.6   2.1   1.9 999.0 99.0 99.00
2013 03 31 01 50 235  4.5  5.4  1.32  6.25  4.77 193 1007.7   2.1   1.9 999.0 99.0 99.00
2013 03 31 02 50 265  2.4  2.8  1.14  5.88  4.54 187 1007.8   1.9   1.9 999.0 99.0 99.00
2013 03 31 03 50 232  1.5  1.9  0.93  5.00  4.31 194 1007.3   1.9   1.9 999.0 99.0 99.00
2013 03 31 04 50 186  2.9  3.6  0.92  5.00  4.45 187 1006.2   1.8   1.9 999.0 99.0 99.00
2013 03 31 05 50 178  3.4  4.3  0.78  4.76  4.21 183 1005.5   1.8   1.9 999.0 99.0 99.00
2013 03 31 06 50 185  4.1  4.7  0.67  4.55  3.91 189 1004.6   1.8   1.9 999.0 99.0 99.00
2013 03 31 07 50 184  4.9  5.7  0.60  3.85  3.82 232 1003.5   1.8   1.8 999.0 99.0 99.00
2013 03 31 08 50 191  3.5  4.2  0.55  4.17  3.69 201 1003.2   1.9   1.8 999.0 99.0 99.00
2013 03 31 09 50 189  4.9  5.7  0.50  3.85  3.61 218 1002.3   2.0   1.8 999.0 99.0 99.00
2013 03 31 10 50 196  5.0  5.8  0.46  3.57  3.41 209 1001.6   1.5   1.8 999.0 99.0 99.00
2013 03 31 11 50 204  4.7  5.6  0.51  3.23  3.25 219 1001.0   1.3   1.8 999.0 99.0 99.00
2013 03 31 12 50 219  4.3  5.3  0.54  3.57  3.41 207 1000.7   0.7   1.8 999.0 99.0 99.00
2013 03 31 13 50 252  6.5  7.7  0.53  3.85  3.40 198  999.7   1.3   1.9 999.0 99.0 99.00
2013 03 31 14 50 260  8.1  9.7  0.62  4.00  3.25 221  999.3   0.8   1.9 999.0 99.0 99.00
2013 03 31 15 50 264  8.1  9.5  0.72  3.85  3.42 253  999.0   0.9   1.9 999.0 99.0 99.00
2013 03 31 16 50 269 12.0 14.2  0.88  4.00  3.53 263  998.5   1.4   1.9 999.0 99.0 99.00
2013 03 31 17 50 271 13.9 16.7  1.37  4.55  4.05 282  997.7   0.8   1.9 999.0 99.0 99.00
2013 03 31 18 50 267 15.1 18.4  1.89  5.88  4.78 290  997.4   0.7   1.9 999.0 99.0 99.00
2013 03 31 19 50 249 13.4 16.4  2.43  6.25  5.23 277  995.6   0.2   1.9 999.0 99.0 99.00
2013 03 31 20 50 318 17.0 21.4  2.56  7.14  5.48 274  997.8  -2.0   1.9 999.0 99.0 99.00
2013 03 31 21 50 329 17.2 20.4  2.76  7.69  5.46 279 1000.4  -3.2   1.9 999.0 99.0 99.00
2013 03 31 22 50 338 15.2 19.3  3.85  7.14  6.26 315 1002.6  -3.4   1.8 999.0 99.0 99.00
2013 03 31 23 50 335 15.1 19.2  4.00  7.69  6.53 334 1004.3  -3.4   1.8 999.0 99.0 99.00
2013 04 01 00 50 342 15.6 20.2  3.45  7.69  6.25 338 1005.6  -3.9   1.8 999.0 99.0 99.00
2013 04 01 01 50 338 15.8 19.1  3.97  7.69  6.41 339 1006.9  -4.3   1.8 999.0 99.0 99.00
2013 04 01 02 50 340 14.6 17.6  4.04  7.69  6.67 343 1008.0  -4.3   1.9 999.0 99.0 99.00
2013 04 01 03 50 340 15.0 17.9  3.83  8.33  6.47 334 1008.4  -4.1   1.9 999.0 99.0 99.00
2013 04 01 04 50 337 15.1 17.9  3.81  8.33  6.58 331 1008.7  -4.7   1.9 999.0 99.0 99.00
2013 04 01 05 50 348 13.8 17.3  3.15  7.69  6.14 339 1009.3  -4.9   1.9 999.0 99.0 99.00
2013 04 01 06 50 347 12.7 15.1  3.32  7.69  6.19 334 1010.1  -5.4   1.9 999.0 99.0 99.00
2013 04 01 07 50 343 12.1 15.4  2.90  7.14  5.90 342 1010.6  -5.1   1.9 999.0 99.0 99.00
2013 04 01 08 50 339 12.0 14.4  2.29  7.69  5.50 318 1011.2  -5.6   1.9 999.0 99.0 99.00
2013 04 01 09 50 340 10.9 13.7  2.54  7.14  5.75 327 1012.2  -6.6   1.9 999.0 99.0 99.00
2013 04 01 10 50 340 11.4 13.9  2.37  7.69  5.59 320 1012.8  -7.0   1.9 999.0 99.0 99.00
2013 04 01 11 50 324 10.6 15.0  2.32  6.67  5.33 320 1013.5  -7.1   1.9 999.0 99.0 99.00
2013 04 01 12 50 316 12.8 15.8  2.55  7.14  5.54 322 1013.9  -7.2   1.9 999.0 99.0 99.00
2013 04 01 13 50 323 12.6 14.9  2.26  7.14  5.37 324 1014.3  -7.6   1.9 999.0 99.0 99.00
2013 04 01 14 50 330 11.9 14.2  2.30  7.14  5.33 324 1014.8  -7.7   1.9 999.0 99.0 99.00
2013 04 01 15 50 319 12.6 15.9  2.43  6.25  5.52 323 1015.0  -7.5   1.9 999.0 99.0 99.00
2013 04 01 16 50 322 11.3 13.5  2.38  7.14  5.51 315 1015.5  -7.5   1.9 999.0 99.0 99.00
2013 04 01 17 50 321 11.7 14.7  2.25  6.67  5.37 322 1015.7  -7.2   1.9 999.0 99.0 99.00
2013 04 01 18 50 308 11.3 13.6  2.03  7.14  5.19 323 1016.0  -6.5   1.9 999.0 99.0 99.00
2013 04 01 19 50 311 11.5 14.5  2.01  6.67  5.15 322 1016.3  -6.1   1.9 999.0 99.0 99.00
2013 04 01 20 50 305 12.1 15.1  1.92  6.67  5.08 318 1016.3  -5.2   1.9 999.0 99.0 99.00
2013 04 01 21 50 311 12.1 15.2  1.94  6.67  5.00 317 1016.3  -4.4   1.9 999.0 99.0 99.00
2013 04 01 22 50 321 10.7 17.3  1.88  6.25  4.97 325 1016.5  -3.9   1.9 999.0 99.0 99.00
2013 04 01 23 50 327  8.7 10.8  1.68  5.88  4.84 309 1016.7  -3.9   1.9 999.0 99.0 99.00
2013 04 02 00 50 312  9.9 12.2  1.50  6.25  4.60 321 1016.6  -3.2   1.9 999.0 99.0 99.00
2013 04 02 01 50 329  9.5 12.2  1.48  5.88  4.55 303 1016.9  -3.0   1.9 999.0 99.0 99.00
2013 04 02 02 50 334 10.5 12.7  1.50  5.56  4.58 319 1016.9  -2.8   1.9 999.0 99.0 99.00
2013 04 02 03 50 340 10.8 13.0  1.56  5.56  4.59 315 1017.1  -3.2   1.9 999.0 99.0 99.00
2013 04 02 04 50 341 10.0 12.0  1.79  5.88  4.68 332 1017.3  -3.5   1.9 999.0 99.0 99.00
2013 04 02 05 50 337 10.4 12.4  1.83  6.25  4.84 323 1017.3  -3.6   1.9 999.0 99.0 99.00
2013 04 02 06 50 343  9.4 11.5  1.83  5.88  4.93 329 1017.7  -4.0   1.9 999.0 99.0 99.00
2013 04 02 07 50 336  9.7 12.8  1.67  6.25  4.80 322 1017.8  -4.4   1.9 999.0 99.0 99.00
2013 04 02 08 50 332  8.5 10.8  1.56  5.56  4.67 323 1018.0  -4.8   1.9 999.0 99.0 99.00
2013 04 02 09 50 334  8.1 10.4  1.36  5.88  4.39 330 1018.5  -5.4   1.9 999.0 99.0 99.00
2013 04 02 10 50 333  9.6 12.4  1.32  5.88  4.43 326 1018.9  -5.8   1.9 999.0 99.0 99.00
2013 04 02 11 50 326  9.2 11.0  1.22  5.56  4.29 328 1019.6  -6.3   1.9 999.0 99.0 99.00
2013 04 02 12 50 322  8.8 11.2  1.18  5.56  4.22 325 1020.3  -6.4   1.9 999.0 99.0 99.00
2013 04 02 13 50 334 10.2 13.3  1.30  5.26  4.33 319 1020.6  -6.4   1.9 999.0 99.0 99.00
2013 04 02 14 50 320  9.8 11.5  1.34  5.26  4.36 333 1020.9  -6.2   1.9 999.0 99.0 99.00
2013 04 02 15 50 320 10.0 13.1  1.54  5.56  4.50 328 1021.3  -6.5   1.9 999.0 99.0 99.00
2013 04 02 16 50 312 10.4 13.2  1.49  5.88  4.54 321 1021.6  -6.5   1.9 999.0 99.0 99.00
2013 04 02 17 50 311 10.2 12.1  1.71  5.56  4.75 335 1021.9  -6.7   2.0 999.0 99.0 99.00
2013 04 02 18 50 308 10.7 13.1  1.70  5.88  4.78 322 1022.0  -6.4   2.0 999.0 99.0 99.00
2013 04 02 19 50 315 11.2 13.4  1.80  5.88  4.78 325 1022.2  -5.9   2.0 999.0 99.0 99.00
2013 04 02 20 50 316 11.2 13.7  1.83  5.88  4.70 318 1022.3  -5.1   2.0 999.0 99.0 99.00
2013 04 02 21 50 312 10.7 13.8  1.95  5.56  4.89 314 1022.9  -4.3   2.0 999.0 99.0 99.00
2013 04 02 22 50 317 11.2 13.3  1.95  6.25  4.98 318 1022.8  -3.3   2.0 999.0 99.0 99.00
2013 04 02 23 50 308 10.6 12.9  1.92  6.25  4.93 317 1023.2  -2.8   2.0 999.0 99.0 99.00
2013 04 03 00 50 316 11.0 13.7  1.72  6.25  4.80 320 1023.1  -2.5   2.0 999.0 99.0 99.00
2013 04 03 01 50 327 12.0 14.2  1.79  6.67  4.79 332 1023.7  -3.1   2.0 999.0 99.0 99.00
2013 04 03 02 50 330 11.4 14.0  1.94  6.67  5.01 332 1024.2  -3.1   2.0 999.0 99.0 99.00
2013 04 03 03 50 338 11.7 14.4  1.96  7.14  5.04 331 1024.4  -2.8   2.0 999.0 99.0 99.00
2013 04 03 04 50 339 10.7 13.4  2.11  6.67  5.19 332 1024.6  -2.4   1.9 999.0 99.0 99.00
2013 04 03 05 50 338 11.1 13.7  1.90  6.67  5.00 327 1024.6  -2.1   1.9 999.0 99.0 99.00
2013 04 03 06 50 346 11.5 13.8  2.03  6.67  5.09 330 1025.2  -2.7   2.0 999.0 99.0 99.00
2013 04 03 07 50 352 10.9 13.5  1.87  6.67  5.10 325 1025.6  -2.9   2.0 999.0 99.0 99.00
2013 04 03 08 50 345  9.9 12.5  1.85  6.67  5.08 328 1026.2  -3.0   2.0 999.0 99.0 99.00
2013 04 03 09 50 351  9.2 12.0  1.50  6.25  4.62 329 1026.7  -3.3   1.9 999.0 99.0 99.00
2013 04 03 10 50 354  7.1  8.8  1.36  5.56  4.47 327 1027.7  -3.7   1.9 999.0 99.0 99.00
2013 04 03 11 50 357  7.1  9.2  1.19  5.56  4.42 319 1028.4  -3.6   1.9 999.0 99.0 99.00
2013 04 03 12 50 352  6.1  7.7  1.11  5.88  4.24 319 1029.0  -3.4   1.9 999.0 99.0 99.00
2013 04 03 13 50 346  4.7  6.2  1.04  5.26  4.24 314 1029.5  -3.4   1.9 999.0 99.0 99.00
2013 04 03 14 50 344  3.6  5.7  0.89  5.26  4.19 316 1029.9  -3.4   2.0 999.0 99.0 99.00
2013 04 03 15 50 321  2.5  4.4  0.80  5.00  4.02 328 1030.0  -3.3   2.0 999.0 99.0 99.00
2013 04 03 16 50 313  2.1  3.4  0.73  4.76  4.06 326 1030.1  -3.2   2.0 999.0 99.0 99.00
2013 04 03 17 50 259  3.3  5.0  0.62  4.35  4.03 351 1030.1  -2.9   2.1 999.0 99.0 99.00
2013 04 03 18 50 259  4.8  6.4  0.54  4.35  3.94 339 1029.5  -2.4   2.1 999.0 99.0 99.00
2013 04 03 19 50 237  4.8  6.6  0.49  4.00  3.87 350 1028.8  -2.0   2.1 999.0 99.0 99.00
2013 04 03 20 50 215  4.8  6.3  0.42  4.00  3.48 331 1027.7  -1.8   2.1 999.0 99.0 99.00
2013 04 03 21 50 178  5.2  6.9  0.40  3.85  3.46 316 1026.2  -1.5   2.1 999.0 99.0 99.00
2013 04 03 22 50 157  5.6  6.8  0.38  6.25  3.21 175 1024.3  -1.2   2.1 999.0 99.0 99.00
2013 04 03 23 50 147  7.2  8.2  0.38  2.47  3.02 173 1023.1  -1.0   2.1 999.0 99.0 99.00
2013 04 04 00 50 154  9.1 10.9  0.47  3.03  2.98 161 1021.7  -0.3   2.1 999.0 99.0 99.00
2013 04 04 01 50 165 10.8 12.6  0.82  3.45  3.31 155 1020.9   0.5   2.0 999.0 99.0 99.00
2013 04 04 02 50 191 12.6 14.9  1.14  4.35  3.75 173 1019.4   1.2   2.0 999.0 99.0 99.00
2013 04 04 03 50 201 13.8 16.7  1.59  4.76  4.33 187 1018.1   1.1   2.0 999.0 99.0 99.00
2013 04 04 04 50 202 12.5 14.9  1.90  5.88  4.64 201 1017.5   1.0   2.0 999.0 99.0 99.00
2013 04 04 05 50 205 12.3 15.2  1.96  6.25  4.85 201 1016.7   1.5   2.0 999.0 99.0 99.00
2013 04 04 06 50 220 10.8 13.6  2.18  6.25  5.22 198 1016.3   1.6   2.0 999.0 99.0 99.00
2013 04 04 07 50 216  9.4 11.3  2.03  6.67  5.14 205 1015.4   0.2   2.0 999.0 99.0 99.00
2013 04 04 08 50 205  8.6 10.3  1.84  5.88  4.98 201 1014.4   0.2   2.0 999.0 99.0 99.00
2013 04 04 09 50 205  9.8 11.8  1.48  5.88  4.65 201 1013.2   0.8   2.0 999.0 99.0 99.00
2013 04 04 10 50 212  8.8 10.5  1.48  6.67  4.64 193 1012.6   1.4   2.0 999.0 99.0 99.00
2013 04 04 11 50 227  7.5  9.0  1.42  5.88  4.56 204 1012.3   1.8   2.0 999.0 99.0 99.00
2013 04 04 12 50 228  5.5  6.7  1.25  5.88  4.50 198 1012.3   2.2   2.0 999.0 99.0 99.00
2013 04 04 13 50 259  6.6  7.7  1.17  5.56  4.40 200 1011.9   2.7   2.0 999.0 99.0 99.00
2013 04 04 14 50 287  7.1  8.5  1.01  5.56  4.21 198 1011.7   2.3   2.0 999.0 99.0 99.00
2013 04 04 15 50 294  5.5  6.7  1.08  5.26  4.28 213 1011.8   2.3   2.0 999.0 99.0 99.00
2013 04 04 16 50 292  5.2  6.1  1.07  4.76  4.27 272 1012.1   2.3   2.0 999.0 99.0 99.00
2013 04 04 17 50 291  6.1  7.0  1.02  4.76  4.19 238 1012.4   2.3   2.0 999.0 99.0 99.00
2013 04 04 18 50 299  7.8  9.7  0.97  5.00  4.04 216 1012.6   2.4   2.0 999.0 99.0 99.00
2013 04 04 19 50 300  7.8  9.5  1.07  4.55  3.98 278 1012.8   2.4   2.0 999.0 99.0 99.00
2013 04 04 20 50 307  7.8  9.4  1.08  4.55  3.95 292 1013.1   2.1   2.0 999.0 99.0 99.00
2013 04 04 21 50 301  7.3  8.6  0.95  4.76  3.92 289 1013.6   2.1   2.0 999.0 99.0 99.00
2013 04 04 22 50 322 10.3 12.2  1.02  4.55  3.88 292 1014.2   2.0   2.0 999.0 99.0 99.00
2013 04 04 23 50 325 10.0 12.2  1.11  4.76  3.85 288 1015.0   1.5   2.0 999.0 99.0 99.00
2013 04 05 00 50 327 10.9 13.4  1.28  4.76  3.97 310 1015.5   1.3   2.0 999.0 99.0 99.00
2013 04 05 01 50 334 12.7 15.8  1.49  5.00  4.26 318 1016.3   1.1   2.0 999.0 99.0 99.00
2013 04 05 02 50 334 12.2 14.4  2.00  5.88  4.84 340 1017.1   0.7   2.0 999.0 99.0 99.00
2013 04 05 03 50 335 11.5 13.4  2.09  6.25  5.01 333 1017.8   0.2   2.0 999.0 99.0 99.00
2013 04 05 04 50 353 10.7 13.2  2.03  6.25  4.97 336 1018.3  -0.3   2.0 999.0 99.0 99.00
2013 04 05 05 50   4 10.3 12.7  1.73  6.67  4.69 328 1019.2  -1.3   2.0 999.0 99.0 99.00
2013 04 05 06 50 360 10.8 12.9  1.93  6.25  5.02 324 1019.8  -2.0   2.0 999.0 99.0 99.00
2013 04 05 07 50 354  9.6 11.9  1.87  6.25  4.92 328 1020.3  -2.3   2.0 999.0 99.0 99.00
2013 04 05 08 50 354 10.1 12.5  1.68  5.88  4.81 336 1020.9  -2.5   2.0 999.0 99.0 99.00
2013 04 05 09 50 351  9.3 11.5  1.52  6.25  4.68 327 1021.9  -2.9   2.0 999.0 99.0 99.00
2013 04 05 10 50 343  8.5 10.3  1.50  5.56  4.64 342 1022.9  -3.3   2.0 999.0 99.0 99.00
2013 04 05 11 50 343  8.4 11.7  1.37  5.88  4.55 341 1023.6  -3.5   2.0 999.0 99.0 99.00
2013 04 05 12 50 336  8.0 10.3  1.22  5.88  4.32 336 1024.2  -3.6   2.0 999.0 99.0 99.00
2013 04 05 13 50 335  7.7  9.8  1.15  5.56  4.31 345 1024.6  -3.9   1.9 999.0 99.0 99.00
2013 04 05 14 50 337  7.0  9.6  1.02  5.26  4.17 346 1025.1  -4.0   2.0 999.0 99.0 99.00
2013 04 05 15 50 344  6.1  7.3  1.03  5.00  4.13 341 1025.0  -4.2   2.0 999.0 99.0 99.00
2013 04 05 16 50 319  5.5  8.0  0.89  4.76  4.03 347 1025.1  -4.3   2.0 999.0 99.0 99.00
2013 04 05 17 50 315  5.9  8.3  0.83  4.55  3.99 339 1024.9  -4.0   2.0 999.0 99.0 99.00
2013 04 05 18 50 294  7.0  8.8  0.73  4.55  3.77 340 1024.7  -3.9   2.1 999.0 99.0 99.00
2013 04 05 19 50 296  6.5  8.1  0.74  4.17  3.57 341 1024.3  -3.9   2.1 999.0 99.0 99.00
2013 04 05 20 50 301  6.5  8.0  0.72  4.17  3.67 344 1023.9  -3.8   2.1 999.0 99.0 99.00
2013 04 05 21 50 311  6.8  8.1  0.70  4.55  3.71 320 1023.7  -3.3   2.1 999.0 99.0 99.00
2013 04 05 22 50 314  5.7  7.5  0.66  4.35  3.64 325 1023.8  -3.0   2.1 999.0 99.0 99.00
2013 04 05 23 50 315  4.9  6.2  0.62  4.55  3.60 321 1023.6  -2.6   2.0 999.0 99.0 99.00
2013 04 06 00 50 301  4.5  5.5  0.55  4.17  3.50 327 1023.5  -2.4   2.0 999.0 99.0 99.00
2013 04 06 01 50 278  2.9  4.3  0.44  4.00  3.53 325 1023.7  -2.1   2.0 999.0 99.0 99.00
2013 04 06 02 50 271  2.4  3.4  0.41  4.00  3.43 326 1023.4  -1.9   2.0 999.0 99.0 99.00
2013 04 06 03 50 242  1.0  1.7  0.37  4.00  3.41 318 1022.9  -1.9   1.9 999.0 99.0 99.00
2013 04 06 04 50 102  1.0  2.1  0.34  3.70  3.38 306 1022.9  -1.7   1.8 999.0 99.0 99.00
2013 04 06 05 50 139  2.1  2.9  0.31  3.70  3.41 317 1022.5  -1.6   1.7 999.0 99.0 99.00
2013 04 06 06 50 160  3.9  5.2  0.30  3.70  3.53 327 1022.3  -1.4   1.7 999.0 99.0 99.00
2013 04 06 07 50 156  5.5  7.1  0.27  4.00  3.64 339 1021.8  -1.2   1.8 999.0 99.0 99.00
2013 04 06 08 50 158  7.1  8.8  0.32  2.47  2.78 160 1021.3  -1.1   1.8 999.0 99.0 99.00
2013 04 06 09 50 151  8.3  9.5  0.48  3.03  2.94 154 1020.4  -1.0   1.9 999.0 99.0 99.00
2013 04 06 10 50 160  9.0 10.3  0.66  3.33  3.19 159 1019.8  -0.5   1.9 999.0 99.0 99.00
2013 04 06 11 50 164  9.4 11.1  0.86  3.70  3.52 166 1019.4  -0.1   1.9 999.0 99.0 99.00
2013 04 06 12 50 166  9.1 10.6  0.97  4.17  3.74 164 1019.1  -0.2   1.9 999.0 99.0 99.00
2013 04 06 13 50 170  9.9 12.2  1.08  4.76  3.90 169 1018.2  -0.3   1.9 999.0 99.0 99.00
2013 04 06 14 50 157  9.6 12.0  1.30  5.00  4.07 174 1017.2  -0.5   1.9 999.0 99.0 99.00
2013 04 06 15 50 160 12.2 14.6  1.41  5.26  4.27 167 1016.3  -0.8   1.9 999.0 99.0 99.00
2013 04 06 16 50 152 11.8 13.7  1.84  5.26  4.61 157 1015.1  -1.4   1.9 999.0 99.0 99.00
2013 04 06 17 50 141 12.4 14.8  1.81  5.56  4.75 154 1013.3  -1.0   2.0 999.0 99.0 99.00
2013 04 06 18 50 119 11.9 13.6  1.79  5.88  4.86 146 1010.7  -0.4   2.0 999.0 99.0 99.00
2013 04 06 19 50 132 12.0 14.0  1.98  5.88  4.86 132 1009.9   0.0   2.0 999.0 99.0 99.00
2013 04 06 20 50 135 12.0 14.8  1.99  5.88  5.01 124 1008.5   0.2   2.0 999.0 99.0 99.00
2013 04 06 21 50 132 11.9 14.5  2.06  6.25  5.15 124 1007.0   0.4   2.0 999.0 99.0 99.00
2013 04 06 22 50 138 10.1 12.5  1.99  6.67  5.16 116 1006.3   0.5   2.0 999.0 99.0 99.00
2013 04 06 23 50 141 10.4 12.1  1.79  6.25  4.95 125 1005.5   0.7   1.9 999.0 99.0 99.00
2013 04 07 00 50 144 10.7 12.3  1.77  6.67  4.93 117 1004.5   0.8   1.9 999.0 99.0 99.00
2013 04 07 01 50 141  9.3 11.0  1.51  6.67  4.66 113 1004.2   0.3   1.9 999.0 99.0 99.00
2013 04 07 02 50 138  9.7 11.5  1.50  5.88  4.58 113 1003.2   0.6   1.9 999.0 99.0 99.00
2013 04 07 03 50 133  8.5 10.0  1.42  5.88  4.53 115 1002.3   0.6   1.9 999.0 99.0 99.00
2013 04 07 04 50 125  7.3  9.3  1.51  5.26  4.67 110 1001.7   0.4   1.9 999.0 99.0 99.00
2013 04 07 05 50 111  4.3  5.2  1.37  5.88  4.75 106 1001.2   0.3   1.9 999.0 99.0 99.00
2013 04 07 06 50  83  2.8  3.4  1.31  6.67  4.83 102 1000.7   0.3   1.9 999.0 99.0 99.00
2013 04 07 07 50 355  3.2  3.6  1.02  6.67  4.65 113 1000.5   0.3   1.8 999.0 99.0 99.00
2013 04 07 08 50 353  6.0  6.9  0.94  5.56  4.63 111 1000.9   0.3   1.8 999.0 99.0 99.00
2013 04 07 09 50 357  9.4 11.1  0.80  6.25  4.08 120 1001.6   0.6   1.8 999.0 99.0 99.00
2013 04 07 10 50 353 10.0 11.8  0.95  3.33  3.66 359 1002.6   0.6   1.9 999.0 99.0 99.00
2013 04 07 11 50 353 11.5 13.9  1.09  4.35  3.83   3 1004.1   0.5   1.9 999.0 99.0 99.00
2013 04 07 12 50 345 10.6 13.1  1.21  4.76  4.03 357 1005.5   0.5   1.9 999.0 99.0 99.00
2013 04 07 13 50 344 11.1 13.6  1.52  5.56  4.47 352 1006.6   0.2   1.9 999.0 99.0 99.00
2013 04 07 14 50 341 10.4 11.9  1.58  5.56  4.68 349 1007.9   0.0   1.9 999.0 99.0 99.00
2013 04 07 15 50 337  9.6 11.4  1.77  5.56  4.77 350 1009.3  -0.2   1.9 999.0 99.0 99.00
2013 04 07 16 50 329  8.3  9.9  1.49  5.88  4.58 355 1010.5  -0.4   1.9 999.0 99.0 99.00
2013 04 07 17 50 327  7.1  8.4  1.15  5.88  4.26 357 1011.7  -0.3   2.0 999.0 99.0 99.00
2013 04 07 18 50 330  5.5  7.2  1.05  5.26  4.26 346 1012.9  -0.1   2.0 999.0 99.0 99.00
2013 04 07 19 50 338  4.9  6.1  0.91  5.00  4.05 340 1013.6   0.0   2.0 999.0 99.0 99.00
2013 04 07 20 50 317  4.9  5.9  0.79  5.00  3.91 342 1014.2   0.3   2.0 999.0 99.0 99.00
2013 04 07 21 50 306  4.7  5.8  0.65  4.76  3.95 342 1014.9   0.5   2.0 999.0 99.0 99.00
2013 04 07 22 50 289  3.9  4.6  0.63  4.55  4.03 350 1015.1   0.7   2.0 999.0 99.0 99.00
2013 04 07 23 50 271  2.5  3.0  0.53  4.35  3.92 351 1015.5   0.6   2.0 999.0 99.0 99.00
2013 04 08 00 50 260  1.9  2.2  0.47  4.17  3.76 347 1015.5   0.7   1.9 999.0 99.0 99.00
2013 04 08 01 50 204  1.0  1.4  0.38  5.88  3.78 178 1016.1   0.7   1.9 999.0 99.0 99.00
2013 04 08 02 50 195  3.8  4.5  0.39  4.00  3.78 325 1016.8   0.7   1.9 999.0 99.0 99.00
2013 04 08 03 50 187  4.4  5.2  0.34  6.67  3.90 178 1016.3   0.6   1.9 999.0 99.0 99.00
2013 04 08 04 50 172  4.6  5.4  0.31  5.56  3.65 179 1015.9   0.5   1.9 999.0 99.0 99.00
2013 04 08 05 50 150  5.7  6.7  0.33  5.88  3.34 171 1015.8   0.4   1.9 999.0 99.0 99.00
2013 04 08 06 50 154  6.1  7.0  0.40  5.88  3.17 169 1016.2   0.3   1.9 999.0 99.0 99.00
2013 04 08 07 50 148  7.0  8.2  0.48  2.86  2.94 163 1015.4   0.3   1.9 999.0 99.0 99.00
2013 04 08 08 50 158  7.2  8.4  0.52  3.13  3.08 158 1015.6   0.6   1.9 999.0 99.0 99.00
2013 04 08 09 50 149  6.7  7.6  0.66  3.45  3.35 158 1015.1   0.7   1.9 999.0 99.0 99.00
2013 04 08 10 50 147  7.8  9.0  0.61  3.85  3.31 147 1014.7   0.7   1.9 999.0 99.0 99.00
2013 04 08 11 50 149  8.1 10.1  0.70  4.17  3.43 142 1014.9   0.3   1.9 999.0 99.0 99.00
2013 04 08 12 50 145  7.4  8.8  0.76  4.00  3.57 144 1014.8   0.1   1.8 999.0 99.0 99.00
2013 04 08 13 50 137  7.4  8.7  0.86  4.35  3.64 140 1014.6   0.2   1.8 999.0 99.0 99.00
2013 04 08 14 50 149  7.3  8.6  0.79  4.17  3.66 135 1014.8   0.2   1.8 999.0 99.0 99.00
2013 04 08 15 50 134  6.3  7.2  0.73  4.35  3.65 140 1014.2   0.4   1.8 999.0 99.0 99.00
2013 04 08 16 50 116  7.3  8.2  0.78  4.17  3.60 127 1013.8   0.4   1.9 999.0 99.0 99.00
2013 04 08 17 50 112  7.5  8.9  0.73  4.55  3.55 133 1013.3   0.6   1.9 999.0 99.0 99.00
2013 04 08 18 50 119  7.7  9.3  0.81  4.35  3.65 120 1013.6   0.6   1.9 999.0 99.0 99.00
2013 04 08 19 50 114  6.6  8.0  0.74  4.35  3.56 120 1013.5   0.6   1.9 999.0 99.0 99.00
2013 04 08 20 50 101  7.1  8.1  0.63  4.76  3.53 106 1013.2   0.7   1.9 999.0 99.0 99.00
2013 04 08 21 50  98  6.4  7.8  0.65  4.76  3.47 108 1013.6   0.9   1.9 999.0 99.0 99.00
2013 04 08 22 50  98  5.9  6.8  0.63  4.55  3.55 110 1014.3   1.1   1.9 999.0 99.0 99.00
2013 04 08 23 50 103  5.9  7.0  0.57  4.17  3.45 115 1014.5   1.1   2.0 999.0 99.0 99.00
2013 04 09 00 50  85  4.4  5.3  0.53  4.35  3.39 108 1015.5   1.2   2.0 999.0 99.0 99.00
2013 04 09 01 50  91  3.6  4.2  0.51  4.35  3.48 111 1016.7   1.3   1.9 999.0 99.0 99.00
2013 04 09 02 50  93  1.9  2.4  0.44  4.35  3.45 104 1017.5   1.5   1.9 999.0 99.0 99.00
2013 04 09 03 50  97  1.8  2.2  0.43  4.17  3.41 110 1017.5   1.6   1.9 999.0 99.0 99.00
2013 04 09 04 50 216  0.9  1.1  0.37  4.35  3.37 118 1018.4   1.7   1.9 999.0 99.0 99.00
2013 04 09 05 50 131  1.4  1.7  0.32  4.17  3.34 124 1018.0   1.6   1.9 999.0 99.0 99.00
2013 04 09 06 50 114  1.0  1.5  0.28  4.00  3.38 114 1017.9   1.6   1.9 999.0 99.0 99.00
2013 04 09 07 50 219  1.0  1.5  0.24 99.00  3.28 999 1017.9   1.6   1.9 999.0 99.0 99.00
2013 04 09 08 50 257  3.1  3.8  0.20 99.00  3.29 999 1018.7   1.6   1.9 999.0 99.0 99.00
2013 04 09 09 50 278  2.1  2.4  0.18 99.00  3.28 999 1018.2   1.5   1.9 999.0 99.0 99.00
2013 04 09 10 50 320  1.1  1.3  0.15 99.00  3.28 999 1017.9   1.4   1.9 999.0 99.0 99.00
2013 04 09 11 50 281  1.8  2.1  0.13 99.00  3.28 999 1018.7   1.5   1.9 999.0 99.0 99.00
2013 04 09 12 50 267  2.6  3.5  0.12 99.00  3.23 999 1019.4   1.6   1.9 999.0 99.0 99.00
2013 04 09 13 50 285  3.8  4.5  0.10 99.00  3.26 999 1019.4   1.6   1.9 999.0 99.0 99.00
2013 04 09 14 50 304  6.7  8.4  0.14 99.00  2.56 999 1019.7   1.6   1.9 999.0 99.0 99.00
2013 04 09 15 50 326  8.9 10.5  0.38  2.86  2.71 296 1020.1   0.9   2.0 999.0 99.0 99.00
2013 04 09 16 50 332  7.8  8.7  0.65  3.70  3.25 309 1019.9   0.8   2.0 999.0 99.0 99.00
2013 04 09 17 50 351 10.5 12.8  0.94  4.35  3.54 322 1019.9   0.1   2.0 999.0 99.0 99.00
2013 04 09 18 50 349 10.5 13.0  1.37  5.26  4.26 330 1020.5  -0.5   2.0 999.0 99.0 99.00
2013 04 09 19 50 348 11.6 13.9  1.70  5.56  4.58 329 1020.6  -0.6   2.0 999.0 99.0 99.00
2013 04 09 20 50 349 11.4 13.4  2.00  5.56  4.96 338 1020.7  -0.4   2.1 999.0 99.0 99.00
2013 04 09 21 50   2 11.0 13.0  1.95  5.88  4.92 335 1020.9  -0.3   2.1 999.0 99.0 99.00
2013 04 09 22 50   3 10.7 12.2  1.72  6.25  4.80 342 1021.8  -0.2   2.1 999.0 99.0 99.00
2013 04 09 23 50  15 10.3 12.0  1.60  5.88  4.67 336 1022.2   0.0   2.1 999.0 99.0 99.00
2013 04 10 00 50  17  9.5 11.9  1.43  5.56  4.54 329 1022.3   0.3   2.0 999.0 99.0 99.00
2013 04 10 01 50  22  9.0 10.2  1.15  5.26  4.19 353 1023.4   0.3   2.0 999.0 99.0 99.00
2013 04 10 02 50  35  7.4  8.7  0.96  4.76  3.89 355 1023.8   0.2   2.0 999.0 99.0 99.00
2013 04 10 03 50  37  7.7  8.7  0.85  4.76  3.75 341 1023.3   0.1   2.0 999.0 99.0 99.00
2013 04 10 04 50  50  6.3  7.4  0.77  4.35  3.62 347 1023.5   0.0   2.0 999.0 99.0 99.00
2013 04 10 05 50  53  6.0  7.4  0.66  4.00  3.43 355 1023.3   0.0   2.0 999.0 99.0 99.00
2013 04 10 06 50  46  6.2  7.3  0.62  3.70  3.46  22 1023.3   0.1   2.0 999.0 99.0 99.00
2013 04 10 07 50  35  5.9  7.0  0.57  3.45  3.44  42 1023.6   0.0   2.0 999.0 99.0 99.00
2013 04 10 08 50  26  4.2  5.1  0.56  3.70  3.49   6 1024.2  -0.2   2.0 999.0 99.0 99.00
2013 04 10 09 50  45  3.0  3.9  0.56  3.57  3.66  17 1024.3  -0.3   2.0 999.0 99.0 99.00
2013 04 10 10 50  59  4.3  5.4  0.52  3.45  3.80  50 1023.1  -0.5   2.0 999.0 99.0 99.00
2013 04 10 11 50  55  3.6  4.4  0.52  4.17  3.83  61 1024.0  -0.4   2.0 999.0 99.0 99.00
2013 04 10 12 50  38  3.3  4.1  0.48  3.85  3.70  47 1025.0  -0.3   2.0 999.0 99.0 99.00
2013 04 10 13 50  31  4.8  5.5  0.41  4.35  3.61  84 1023.9  -0.1   2.0 999.0 99.0 99.00
2013 04 10 14 50  48  4.7  5.5  0.37  4.17  3.46  89 1022.9  -0.1   2.0 999.0 99.0 99.00
2013 04 10 15 50  29  3.3  4.3  0.33  3.85  3.34  93 1024.5   0.0   2.1 999.0 99.0 99.00
2013 04 10 16 50   2  2.8  3.5  0.29  5.56  3.33 149 1024.7   0.0   2.1 999.0 99.0 99.00
2013 04 10 17 50 355  4.0  5.0  0.28  3.45  3.36  99 1023.5   0.3   2.2 999.0 99.0 99.00
2013 04 10 18 50 339  6.4  7.5  0.26  5.26  3.36 152 1024.1   0.8   2.2 999.0 99.0 99.00
2013 04 10 19 50 338  7.5  8.9  0.37  2.60  2.85 348 1023.8   1.2   2.2 999.0 99.0 99.00
2013 04 10 20 50 339  6.6  7.9  0.53  3.33  3.19 338 1023.5   1.4   2.2 999.0 99.0 99.00
2013 04 10 21 50 345  8.1  9.8  0.60  3.70  3.36 340 1022.7   1.4   2.2 999.0 99.0 99.00
2013 04 10 22 50 351  9.5 11.6  0.73  3.85  3.51 350 1022.0   1.5   2.2 999.0 99.0 99.00
2013 04 10 23 50 356  9.2 11.1  0.96  4.35  3.82 358 1022.0   1.7   2.1 999.0 99.0 99.00
2013 04 11 00 50  10  9.1 10.9  1.00  4.76  3.95   1 1022.5   2.0   2.1 999.0 99.0 99.00
2013 04 11 01 50  35  9.7 12.2  1.10  4.76  4.08 360 1022.2   1.9   2.1 999.0 99.0 99.00
2013 04 11 02 50  40 11.1 13.3  1.14  5.00  4.05  11 1022.0   1.0   2.1 999.0 99.0 99.00
2013 04 11 03 50  43  9.9 11.8  1.14  5.00  4.06  12 1023.9   0.4   2.1 999.0 99.0 99.00
2013 04 11 04 50  55 10.5 12.4  1.09  5.26  3.98   2 1024.6  -0.3   2.0 999.0 99.0 99.00
2013 04 11 05 50  59 12.1 14.3  1.26  4.76  4.07  18 1023.3  -0.9   2.0 999.0 99.0 99.00
2013 04 11 06 50  59 12.7 15.2 99.00 99.00 99.00 999 1023.0  -1.3   2.0 999.0 99.0 99.00
2013 04 11 07 50  64 12.6 14.9  1.81  5.88  4.69  65 1023.1  -1.8   2.0 999.0 99.0 99.00
2013 04 11 08 50  65 11.7 14.0  1.90  6.25  4.78  72 1023.3  -2.3   2.0 999.0 99.0 99.00
2013 04 11 09 50  65 10.7 12.6  1.83  6.25  4.94  78 1023.0  -2.5   2.0 999.0 99.0 99.00
2013 04 11 10 50  76 11.5 14.0  2.14  5.88  5.11  63 1022.8  -3.0   2.0 999.0 99.0 99.00
2013 04 11 11 50  78 11.7 13.7  2.01  5.88  5.01  67 1023.5  -3.2   1.9 999.0 99.0 99.00
2013 04 11 12 50  74 13.0 15.9  1.96  5.88  5.05  64 1023.1  -3.2   1.9 999.0 99.0 99.00
2013 04 11 13 50  83 12.7 15.1  2.02  6.25  5.15  73 1022.7  -3.3   1.9 999.0 99.0 99.00
2013 04 11 14 50  78 12.9 15.6  2.09  6.67  5.02  70 1022.2  -3.5   1.9 999.0 99.0 99.00
2013 04 11 15 50  77 12.1 14.1  1.90  6.67  4.92  73 1023.2  -3.5   2.0 999.0 99.0 99.00
2013 04 11 16 50  72 13.1 16.0  1.75  6.25  4.74  67 1020.3  -2.5   2.0 999.0 99.0 99.00
2013 04 11 17 50  79 11.8 14.0  1.94  5.56  4.91  68 1021.2  -1.6   2.0 999.0 99.0 99.00
2013 04 11 18 50  82 11.9 15.4  1.90  5.88  4.94  78 1020.4  -0.7   2.0 999.0 99.0 99.00
2013 04 11 19 50  79 11.4 13.4  1.74  5.88  4.84  79 1019.4   0.3   2.0 999.0 99.0 99.00
2013 04 11 20 50  79 10.4 13.2  1.83  6.67  4.88  80 1019.7   1.0   2.0 999.0 99.0 99.00
2013 04 11 21 50  70  9.9 12.0  1.73  6.25  4.75  70 1018.9   1.3   2.0 999.0 99.0 99.00
2013 04 11 22 50  68  9.7 11.7  1.53  5.88  4.58  70 1018.6   1.6   2.0 999.0 99.0 99.00
2013 04 11 23 50  63 11.0 13.5  1.43  5.00  4.42  63 1018.0   1.6   2.0 999.0 99.0 99.00
2013 04 12 00 50  65 12.2 14.8  1.56  5.56  4.49  61 1016.3   1.4   2.0 999.0 99.0 99.00
2013 04 12 01 50  73 11.4 14.4  1.73  5.56  4.70  62 1018.1   1.3   2.0 999.0 99.0 99.00
2013 04 12 02 50  69 13.7 17.3  1.89  5.88  4.81  69 1016.5   0.8   2.0 999.0 99.0 99.00
2013 04 12 03 50  74 13.9 17.3  2.08  6.25  5.09  71 1015.2   0.5   2.0 999.0 99.0 99.00
2013 04 12 04 50  79 14.8 17.8  2.50  6.25  5.31  67 1013.5   0.1   2.0 999.0 99.0 99.00
2013 04 12 05 50  80 14.6 17.5  2.67  6.67  5.66  71 1013.2  -0.2   2.0 999.0 99.0 99.00
2013 04 12 06 50  75 12.9 15.1  2.62  7.14  5.63  72 1013.9  -0.5   2.0 999.0 99.0 99.00
2013 04 12 07 50  72 13.0 15.2 99.00 99.00 99.00 999 1013.7  -2.5   1.9 999.0 99.0 99.00
2013 04 12 08 50  62 13.2 15.9  2.27  6.67  5.24  64 1013.1  -2.9   1.9 999.0 99.0 99.00
2013 04 12 09 50  60 14.5 16.8  2.39  6.67  5.39  67 1011.8  -2.9   1.9 999.0 99.0 99.00
2013 04 12 10 50  61 15.6 19.0  2.34  6.67  5.21  59 1010.8  -2.9   1.9 999.0 99.0 99.00
2013 04 12 11 50  57 15.8 18.5  2.66  6.25  5.34  61 1010.3  -3.1   1.9 999.0 99.0 99.00
2013 04 12 12 50  56 15.6 19.2  2.63  6.67  5.43  67 1009.6  -2.9   1.9 999.0 99.0 99.00
2013 04 12 13 50  60 15.3 18.4  2.56  7.14  5.37  70 1009.1  -2.6   1.9 999.0 99.0 99.00
2013 04 12 14 50  59 14.8 17.5  2.77  6.67  5.59  69 1008.5  -2.5   1.9 999.0 99.0 99.00
2013 04 12 15 50  67 13.1 16.3  2.41  7.14  5.33  69 1008.9  -2.5   1.9 999.0 99.0 99.00
2013 04 12 16 50  68 13.2 16.1  2.66  7.14  5.55  74 1008.5  -2.2   1.9 999.0 99.0 99.00
2013 04 12 17 50  73 13.8 16.3  2.55  6.67  5.49  64 1007.7  -2.1   2.0 999.0 99.0 99.00
2013 04 12 18 50  70 13.2 16.2  2.38  7.14  5.33  67 1007.5  -2.0   2.0 999.0 99.0 99.00
2013 04 12 19 50  70 12.4 15.5  2.57  6.67  5.56  63 1007.4  -1.9   2.0 999.0 99.0 99.00
2013 04 12 20 50  71 13.1 15.3  2.41  5.88  5.32  64 1007.4  -1.8   2.0 999.0 99.0 99.00
2013 04 12 21 50  76 12.5 15.2  2.33  6.67  5.34  70 1007.5  -1.5   2.0 999.0 99.0 99.00
2013 04 12 22 50  77 11.6 14.2  2.28  6.67  5.19  71 1007.9  -1.2   2.0 999.0 99.0 99.00
2013 04 12 23 50  73 10.6 12.4  2.13  6.67  5.24  66 1007.8  -1.4   2.0 999.0 99.0 99.00
2013 04 13 00 50  69  9.2 10.9  1.71  5.26  4.85  63 1007.9  -1.4   2.0 999.0 99.0 99.00
2013 04 13 01 50  81  9.0 11.2  1.72  6.25  4.78  73 1008.0  -1.2   2.0 999.0 99.0 99.00
2013 04 13 02 50  82  8.4  9.9  1.47  5.56  4.60  72 1008.0  -1.2   2.0 999.0 99.0 99.00
2013 04 13 03 50  85  8.2  9.9  1.34  5.88  4.44  76 1007.7  -1.0   2.0 999.0 99.0 99.00
2013 04 13 04 50  86  8.3 10.0  1.23  5.26  4.28  80 1007.4  -0.8   2.0 999.0 99.0 99.00
2013 04 13 05 50  72  8.7 10.8  1.24  5.26  4.24  65 1007.2  -1.2   1.9 999.0 99.0 99.00
2013 04 13 06 50  63  9.3 10.9  1.31  5.00  4.26  58 1006.9  -0.9   1.9 999.0 99.0 99.00
2013 04 13 07 50  65  8.4  9.7  1.26  4.55  4.24  59 1006.7  -0.9   1.9 999.0 99.0 99.00
2013 04 13 08 50  66  7.7  9.4  1.16  4.55  4.08  76 1006.5  -0.8   1.9 999.0 99.0 99.00
2013 04 13 09 50  52  8.5  9.7  1.11  4.76  4.09  57 1006.4  -1.2   1.9 999.0 99.0 99.00
2013 04 13 10 50  51  7.7  8.8  1.12  4.76  4.12  64 1006.4  -1.3   1.9 999.0 99.0 99.00
2013 04 13 11 50  47  8.2  9.7  1.19  4.55  4.21  43 1006.4  -1.4   1.9 999.0 99.0 99.00
2013 04 13 12 50  50  6.9  8.3  1.03  5.26  4.08  14 1006.7  -1.4   1.9 999.0 99.0 99.00
2013 04 13 13 50  35  6.5  7.9  0.99  5.00  4.09  30 1006.6  -1.6   1.9 999.0 99.0 99.00
2013 04 13 14 50  24  6.0  6.9  0.92  4.17  4.00  38 1006.8  -1.7   1.9 999.0 99.0 99.00
2013 04 13 15 50  14  5.5  6.7  0.95  5.26  4.12   4 1007.1  -1.9   1.9 999.0 99.0 99.00
2013 04 13 16 50 359  3.9  5.0  1.00  5.00  4.31 356 1007.6  -1.7   2.0 999.0 99.0 99.00
2013 04 13 17 50 340  5.4  6.5  0.94  5.26  4.21 359 1007.8  -1.9   2.0 999.0 99.0 99.00
2013 04 13 18 50 333  6.5  7.8  0.87  4.35  3.99  16 1007.7  -1.9   2.0 999.0 99.0 99.00
2013 04 13 19 50 332  6.9  8.7  0.82  5.00  3.84 353 1008.0  -1.5   2.0 999.0 99.0 99.00
2013 04 13 20 50 317  7.1  8.7  0.81  5.00  3.86 356 1008.7  -1.1   2.1 999.0 99.0 99.00
2013 04 13 21 50 313  8.6 10.0  0.86  4.17  3.78 354 1008.7  -0.7   2.0 999.0 99.0 99.00
2013 04 13 22 50 310  7.7  9.2  0.83  4.55  3.68 355 1009.9  -0.3   2.0 999.0 99.0 99.00
2013 04 13 23 50 311  6.4  8.4  0.86  4.55  3.73 354 1010.2  -0.3   2.0 999.0 99.0 99.00
2013 04 14 00 50 297  8.0  9.8  0.87  4.35  3.72 347 1010.3   0.0   2.0 999.0 99.0 99.00
2013 04 14 01 50 336  8.0  9.5  0.76  4.17  3.56 327 1010.7   0.3   2.0 999.0 99.0 99.00
2013 04 14 02 50 335  4.9  5.9  0.84  4.17  3.66 311 1011.6   0.0   2.0 999.0 99.0 99.00
2013 04 14 03 50 358  5.7  7.1  0.84  4.55  3.76 307 1012.1  -1.0   2.0 999.0 99.0 99.00
2013 04 14 04 50 337  3.8  4.5  0.77  4.76  3.92 279 1012.5  -0.2   1.9 999.0 99.0 99.00
2013 04 14 05 50 327  4.4  5.3  0.75  4.76  4.04 296 1013.3   0.3   1.9 999.0 99.0 99.00
2013 04 14 06 50 332  3.4  4.2  0.73  4.76  3.96 285 1013.5   0.5   1.9 999.0 99.0 99.00
2013 04 14 07 50 329  2.2  2.8  0.63  4.35  3.77 285 1013.7   0.6   1.9 999.0 99.0 99.00
2013 04 14 08 50 354  4.4  5.2  0.61  4.17  3.75 290 1014.5   0.6   1.9 999.0 99.0 99.00
2013 04 14 09 50 340  2.6  3.4  0.62  4.35  3.88 282 1015.0   0.5   1.9 999.0 99.0 99.00
2013 04 14 10 50   3  3.8  4.6  0.62  4.55  3.91 279 1014.8   0.2   1.9 999.0 99.0 99.00
2013 04 14 11 50 346  1.5  2.1  0.57  4.35  3.86 271 1015.8   0.3   1.9 999.0 99.0 99.00
2013 04 14 12 50  16  3.1  4.5  0.56  4.35  3.86 259 1017.1   0.2   1.9 999.0 99.0 99.00
2013 04 14 13 50  41  3.3  4.3  0.50  4.55  3.78 240 1017.7   0.0   1.9 999.0 99.0 99.00
2013 04 14 14 50  51  2.9  3.7  0.46  4.17  3.64 249 1017.8   0.1   2.0 999.0 99.0 99.00
2013 04 14 15 50  38  3.6  4.4  0.43  4.35  3.58 228 1017.6   0.2   2.0 999.0 99.0 99.00
2013 04 14 16 50  72  3.1  3.6  0.40  4.00  3.56 247 1017.7   0.3   2.0 999.0 99.0 99.00
2013 04 14 17 50  90  3.3  4.2  0.41  3.57  3.58 305 1017.6   0.4   2.1 999.0 99.0 99.00
2013 04 14 18 50 128  3.7  4.4  0.35  3.70  3.56 315 1018.5   0.7   2.1 999.0 99.0 99.00
2013 04 14 19 50 134  4.5  5.3  0.34  3.85  3.55 279 1018.8   1.2   2.1 999.0 99.0 99.00
2013 04 14 20 50 119  4.8  5.4  0.29  3.33  3.31 344 1018.1   1.3   2.1 999.0 99.0 99.00
2013 04 14 21 50 104  4.2  4.8  0.27  3.33  3.12 352 1017.6   1.2   2.1 999.0 99.0 99.00
2013 04 14 22 50  85  6.7  7.4  0.29  2.60  2.83 117 1016.6   1.1   2.1 999.0 99.0 99.00
2013 04 14 23 50  83  7.1  8.4  0.45  2.74  2.97 108 1015.7   1.0   2.0 999.0 99.0 99.00
2013 04 15 00 50  85  7.5  9.1  0.48  2.94  2.90  94 1016.3   1.2   2.0 999.0 99.0 99.00
2013 04 15 01 50  92  7.7  9.3  0.59  3.33  3.17  91 1016.7   1.0   2.0 999.0 99.0 99.00
2013 04 15 02 50 105  7.8  9.2  0.58  3.33  3.19 100 1017.0   0.4   2.0 999.0 99.0 99.00
2013 04 15 03 50 103  8.5 10.1  0.67  3.57  3.35 101 1016.2   0.3   2.0 999.0 99.0 99.00
2013 04 15 04 50 106  9.7 11.4  0.77  3.85  3.48 105 1015.6   0.4   1.9 999.0 99.0 99.00
2013 04 15 05 50 109 11.3 13.7  0.90  4.00  3.70 102 1014.3   0.1   1.9 999.0 99.0 99.00
2013 04 15 06 50  98 12.7 15.8 99.00 99.00 99.00 999 1012.4   0.3   1.9 999.0 99.0 99.00
2013 04 15 07 50  79 14.2 17.4  1.57  5.56  4.36 105 1009.6   0.7   1.9 999.0 99.0 99.00
2013 04 15 08 50  84 14.6 17.3  1.88  5.26  4.59  95 1008.0   0.9   1.9 999.0 99.0 99.00
2013 04 15 09 50  99 13.0 16.0  2.00  6.25  4.75  97 1007.0   1.2   1.9 999.0 99.0 99.00
2013 04 15 10 50 113 14.4 17.3  2.36  6.25  5.07  98 1005.7   1.4   1.9 999.0 99.0 99.00
2013 04 15 11 50 120 13.2 16.6  2.41  6.25  5.24  92 1005.5   1.8   1.9 999.0 99.0 99.00
2013 04 15 12 50 125 11.0 12.8  2.56  7.14  5.62 111 1005.5   1.8   1.9 999.0 99.0 99.00
2013 04 15 13 50 150  8.4 10.1  2.43  6.25  5.54 111 1005.1   2.1   1.9 999.0 99.0 99.00
2013 04 15 14 50 155  7.9  9.2  2.07  6.67  5.41 126 1005.2   2.3   1.9 999.0 99.0 99.00
2013 04 15 15 50 165  5.5  7.2  1.82  7.14  5.39 123 1005.8   2.5   2.0 999.0 99.0 99.00
2013 04 15 16 50 162  4.3  5.4  1.87  7.14  5.62 127 1006.1   2.7   2.0 999.0 99.0 99.00
2013 04 15 17 50 144  3.7  4.2  1.46  6.25  5.10 117 1005.8   2.6   2.0 999.0 99.0 99.00
2013 04 15 18 50 133  5.3  6.0  1.21  7.14  4.98 108 1005.9   2.6   2.1 999.0 99.0 99.00
2013 04 15 19 50 125  5.9  6.8  1.16  6.25  4.96 115 1005.5   2.5   2.0 999.0 99.0 99.00
2013 04 15 20 50 128  7.3  8.7  1.02  5.88  4.47 106 1005.5   2.6   2.0 999.0 99.0 99.00
2013 04 15 21 50 220  3.1  4.2  0.94  6.25  4.48 107 1006.0   3.2   2.0 999.0 99.0 99.00
2013 04 15 22 50 293  4.4  4.9  0.90  5.88  4.20 136 1006.6   3.2   2.0 999.0 99.0 99.00
2013 04 15 23 50 295 11.0 13.4  0.73  5.88  3.68 127 1006.5   3.0   2.0 999.0 99.0 99.00
2013 04 16 00 50 307  7.8  9.4  0.80  5.56  3.70 119 1007.3   2.8   2.0 999.0 99.0 99.00
2013 04 16 01 50 297  4.5  5.3  0.73  5.26  3.87 130 1008.9   2.4   2.0 999.0 99.0 99.00
2013 04 16 02 50 283  0.4  0.9  0.67  5.26  3.98 124 1009.4   2.2   2.0 999.0 99.0 99.00
2013 04 16 03 50 198  1.3  1.9  0.65  5.56  4.05 118 1009.3   2.5   2.0 999.0 99.0 99.00
2013 04 16 04 50 209  2.9  3.4  0.62  5.26  4.00 130 1009.4   2.5   2.0 999.0 99.0 99.00
2013 04 16 05 50 257  5.9  6.9  0.55  3.85  3.72 253 1009.7   2.9   2.0 999.0 99.0 99.00
2013 04 16 06 50 260  5.5  6.7  0.65  4.00  3.49 259 1010.1   2.6   2.0 999.0 99.0 99.00
2013 04 16 07 50 251  5.2  6.2  0.62  4.35  3.59 240 1010.0   2.5   2.0 999.0 99.0 99.00
2013 04 16 08 50 255  8.0  9.6  0.57  4.17  3.43 252 1009.8   2.7   2.0 999.0 99.0 99.00
2013 04 16 09 50 262  7.4  9.2  0.58  4.17  3.31 248 1010.8   2.5   2.0 999.0 99.0 99.00
2013 04 16 10 50 271  9.1 11.1  0.79  4.17  3.57 277 1010.9   2.2   2.0 999.0 99.0 99.00
2013 04 16 11 50 273  8.9 10.5  1.09  5.26  3.99 294 1011.7   2.0   2.0 999.0 99.0 99.00
2013 04 16 12 50 268  8.0  9.5  1.16  5.88  4.29 298 1012.8   2.0   2.0 999.0 99.0 99.00
2013 04 16 13 50 282  7.5  9.2  1.19  5.88  4.24 282 1014.0   2.0   2.0 999.0 99.0 99.00
2013 04 16 14 50 280  7.1  8.6  1.00  5.56  4.17 281 1015.1   2.1   2.0 999.0 99.0 99.00
2013 04 16 15 50 284  7.7  9.6  1.02  5.56  4.19 282 1016.2   2.1   2.0 999.0 99.0 99.00
2013 04 16 16 50 299  8.5 10.0  1.02  5.00  4.04 283 1017.4   1.9   2.0 999.0 99.0 99.00
2013 04 16 17 50 300  8.8 10.6  1.00  4.76  3.98 277 1018.6   1.3   2.1 999.0 99.0 99.00
2013 04 16 18 50 303  9.9 11.9  0.98  4.76  3.87 277 1019.8   1.0   2.0 999.0 99.0 99.00
2013 04 16 19 50 309  9.9 11.3  1.22  4.76  4.17 286 1021.1   0.7   2.0 999.0 99.0 99.00
2013 04 16 20 50 322  8.9 10.6  1.33  5.00  4.27 295 1022.0   0.8   2.0 999.0 99.0 99.00
2013 04 16 21 50 317  8.7 10.2 99.00 99.00 99.00 999 1022.9   1.1   2.0 999.0 99.0 99.00
2013 04 16 22 50 321  8.3  9.9  1.30  5.56  4.43 315 1023.9   1.0   2.1 999.0 99.0 99.00
2013 04 16 23 50 316  6.3  7.3  1.28  5.88  4.58 318 1025.1   1.4   2.1 999.0 99.0 99.00
2013 04 17 00 50 305  5.8  6.8  1.10  5.26  4.37 318 1026.0   1.4   2.0 999.0 99.0 99.00
2013 04 17 01 50 330  6.7  7.8  0.98  5.00  4.19 307 1026.9   1.7   2.0 999.0 99.0 99.00
2013 04 17 02 50   4  7.6  9.3  0.94  5.26  3.97 307 1027.6   1.9   2.0 999.0 99.0 99.00
2013 04 17 03 50  15  8.2  9.5  0.94  5.26  3.94 302 1028.1   1.8   2.0 999.0 99.0 99.00
2013 04 17 04 50  12  8.0  9.4  0.93  5.00  3.86 315 1028.8   1.3   2.0 999.0 99.0 99.00
2013 04 17 05 50  16  8.1  9.3  0.85  4.76  3.81 309 1029.4   1.0   2.0 999.0 99.0 99.00
2013 04 17 06 50  21  7.2  8.3  0.93  4.35  3.92 352 1030.2   1.0   2.0 999.0 99.0 99.00
2013 04 17 07 50  34  7.4  8.8  0.94  4.55  3.89 344 1030.5   0.6   2.0 999.0 99.0 99.00
2013 04 17 08 50  46  8.4  9.7  0.97  4.76  3.92 332 1030.7   0.2   1.9 999.0 99.0 99.00
2013 04 17 09 50  56  7.8  9.3  0.90  4.76  3.80 334 1030.8  -0.1   1.9 999.0 99.0 99.00
2013 04 17 10 50  76  6.1  7.6  0.87  5.00  3.79 337 1031.6  -0.5   1.9 999.0 99.0 99.00
2013 04 17 11 50  85  6.6  7.8  1.01  4.17  3.97  37 1032.6  -1.1   1.9 999.0 99.0 99.00
2013 04 17 12 50  73  8.4  9.8  1.07  4.55  4.06  14 1031.9  -1.6   1.9 999.0 99.0 99.00
2013 04 17 13 50  64  7.6  9.2  1.17  5.26  4.16  74 1031.1  -2.0   1.9 999.0 99.0 99.00
2013 04 17 14 50  84  7.2  8.4  1.22  5.56  4.36  81 1031.9  -1.8   1.9 999.0 99.0 99.00
2013 04 17 15 50  84  7.1  8.6  1.20  5.88  4.29  81 1032.0  -1.6   2.0 999.0 99.0 99.00
2013 04 17 16 50  72  7.7  9.1  1.16  5.56  4.23  75 1030.2  -1.1   2.0 999.0 99.0 99.00
2013 04 17 17 50  78  8.5  9.7  1.05  4.76  3.91  64 1028.5  -0.5   2.0 999.0 99.0 99.00
2013 04 17 18 50 103  6.6  8.3  0.99  4.17  3.94  61 1029.0   0.1   2.0 999.0 99.0 99.00
2013 04 17 19 50 102  5.2  6.0  0.84  5.00  3.92  71 1028.7   0.7   2.1 999.0 99.0 99.00
2013 04 17 20 50  83  5.8  6.6  0.64  4.55  3.75  71 1026.9   1.1   2.1 999.0 99.0 99.00
2013 04 17 21 50  88  4.6  5.5  0.63  4.17  3.68  56 1026.6   1.7   2.1 999.0 99.0 99.00
2013 04 17 22 50  78  4.0  4.9  0.54  3.85  3.54  61 1025.5   1.9   2.1 999.0 99.0 99.00
2013 04 17 23 50  70  3.2  4.1  0.43  4.00  3.49  57 1024.5   2.2   2.1 999.0 99.0 99.00
2013 04 18 00 50  70  4.9  5.8  0.35  3.70  3.31  84 1023.1   2.7   2.1 999.0 99.0 99.00
2013 04 18 01 50  85  6.0  7.1  0.34  3.33  3.04  77 1023.0   2.9   2.1 999.0 99.0 99.00
2013 04 18 02 50  78  5.8  6.5  0.40  3.03  3.02  75 1022.7   2.6   2.1 999.0 99.0 99.00
2013 04 18 03 50  75  4.9  5.9  0.43  3.23  3.00  79 1021.7   2.4   2.1 999.0 99.0 99.00
2013 04 18 04 50  77  4.9  5.8  0.38  3.03  3.00  92 1021.1   2.5   2.1 999.0 99.0 99.00
2013 04 18 05 50  73  5.4  6.2  0.35  3.03  2.94  82 1019.8   2.5   2.1 999.0 99.0 99.00
2013 04 18 06 50  66  4.3  5.0  0.34  3.03  2.89 100 1019.0   2.5   2.1 999.0 99.0 99.00
2013 04 18 07 50  84  5.9  7.3  0.35  3.33  2.95 122 1016.8   3.2   2.1 999.0 99.0 99.00
2013 04 18 08 50  83  5.6  7.8  0.40  2.74  2.90  77 1015.0   2.7   2.1 999.0 99.0 99.00
2013 04 18 09 50  84  8.7 10.7  0.51  3.13  3.03  83 1013.0   2.1   2.1 999.0 99.0 99.00
2013 04 18 10 50  87  7.6  8.9  0.73  3.57  3.38  88 1012.9   1.8   2.1 999.0 99.0 99.00
2013 04 18 11 50  73  9.4 10.9  0.88  4.00  3.61  70 1011.6   1.1   2.1 999.0 99.0 99.00
2013 04 18 12 50  60  9.1 11.1  1.13  4.35  3.83  86 1010.5   0.7   2.0 999.0 99.0 99.00
2013 04 18 13 50  50  9.0 10.6  1.01  4.76  3.93  89 1009.8   1.0   2.0 999.0 99.0 99.00
2013 04 18 14 50  47  8.3  9.6  1.16  4.76  4.13  53 1008.9   1.1   2.0 999.0 99.0 99.00
2013 04 18 15 50  43  9.1 10.7  1.12  4.76  4.04  69 1008.1   1.1   2.0 999.0 99.0 99.00
2013 04 18 16 50  43  8.4  9.8  1.15  5.26  4.11  63 1006.7   1.1   2.0 999.0 99.0 99.00
2013 04 18 17 50  50  9.1 10.6  1.04  5.00  3.96  70 1004.7   1.1   2.1 999.0 99.0 99.00
2013 04 18 18 50  44  8.2  9.8  1.20  4.76  4.07  47 1004.6   1.3   2.1 999.0 99.0 99.00
2013 04 18 19 50  46  7.2  8.2  1.08  5.00  4.18  56 1004.4   1.5   2.1 999.0 99.0 99.00
2013 04 18 20 50  30  5.2  6.2  1.17  5.00  4.22  61 1005.2   1.4   2.1 999.0 99.0 99.00
2013 04 18 21 50  33  7.9  9.5  1.00  5.00  4.08  54 1003.4   1.3   2.1 999.0 99.0 99.00
2013 04 18 22 50  38  8.4 10.0  1.10  5.00  4.11  39 1003.4   1.3   2.1 999.0 99.0 99.00
2013 04 18 23 50  44 10.2 12.2  1.02  5.26  3.94  63 1001.7   1.2   2.1 999.0 99.0 99.00
2013 04 19 00 50  58 10.8 12.6  1.23  4.55  4.08  26 1000.8   1.3   2.1 999.0 99.0 99.00
2013 04 19 01 50  56 10.8 13.0  1.40  5.56  4.28  15 1000.1   1.2   2.1 999.0 99.0 99.00
2013 04 19 02 50  59 12.8 15.8  1.78  5.26  4.46  50  998.8   1.1   2.0 999.0 99.0 99.00
2013 04 19 03 50  51 12.7 15.6  2.14  6.25  5.01  77  998.8   0.9   2.0 999.0 99.0 99.00
2013 04 19 04 50  35 11.4 13.5  1.99  6.25  4.92  69  996.2   0.4   2.0 999.0 99.0 99.00
2013 04 19 05 50  28 12.6 16.3  1.86  5.56  4.82  49  994.6   0.2   2.0 999.0 99.0 99.00
2013 04 19 06 50  35 14.5 17.1  2.14  6.25  4.94  23  992.4   0.0   2.0 999.0 99.0 99.00
2013 04 19 07 50  46 16.1 19.7  2.40  6.25  5.17 353  989.8   0.1   2.0 999.0 99.0 99.00
2013 04 19 08 50  50 14.2 17.6  2.52  5.56  5.24  11  989.0   0.2   2.0 999.0 99.0 99.00
2013 04 19 09 50  58 14.6 18.4  2.88  6.67  5.54  25  987.2   0.1   2.0 999.0 99.0 99.00
2013 04 19 10 50  77 14.1 18.1  3.65  7.14  6.09  45  987.0   0.3   2.0 999.0 99.0 99.00
2013 04 19 11 50  75 14.4 17.4  3.60  7.14  6.23  46  986.5   0.4   2.0 999.0 99.0 99.00
2013 04 19 12 50  77 14.0 17.1  3.49  7.14  6.10  38  986.3   0.2   2.0 999.0 99.0 99.00
2013 04 19 13 50  74 13.0 15.9  3.07  7.14  5.79  40  985.9   0.0   2.0 999.0 99.0 99.00
2013 04 19 14 50  69 13.1 16.7  2.87  7.14  5.70  56  985.4  -0.3   2.0 999.0 99.0 99.00
2013 04 19 15 50  67 13.0 16.0  2.62  6.67  5.53  61  985.4  -0.4   2.0 999.0 99.0 99.00
2013 04 19 17 50  54 12.5 15.3  2.22  6.67  5.12  64  985.6  -0.5   2.0 999.0 99.0 99.00
2013 04 19 18 50  33 12.2 14.3  2.10  5.88  5.10  38  986.3  -0.5   2.0 999.0 99.0 99.00
2013 04 19 19 50  10 14.4 17.6  2.51  6.67  5.43   8  987.6  -1.4   2.0 999.0 99.0 99.00
2013 04 19 20 50   9 16.0 19.2  3.24  7.69  5.94 350  989.1  -2.6   2.0 999.0 99.0 99.00
2013 04 19 21 50 358 16.6 19.6  3.43  8.33  6.34 351  992.3  -3.9   2.0 999.0 99.0 99.00
2013 04 19 22 50 357 17.2 21.2 99.00 99.00 99.00 999  995.3  -5.2   2.0 999.0 99.0 99.00
2013 04 19 23 50 358 15.9 19.3  3.99  8.33  6.77 351  998.1  -5.4   1.9 999.0 99.0 99.00
2013 04 20 00 50 352 15.1 18.2  3.97  8.33  6.79 351 1000.8  -5.3   1.9 999.0 99.0 99.00
2013 04 20 01 50 355 15.3 19.0  3.40  8.33  6.34 351 1002.8  -5.4   1.9 999.0 99.0 99.00
2013 04 20 02 50 352 15.5 20.4  3.57  8.33  6.41 355 1004.3  -5.4   1.9 999.0 99.0 99.00
2013 04 20 03 50 350 14.5 17.0  3.43  8.33  6.36 353 1005.7  -5.3   1.9 999.0 99.0 99.00
2013 04 20 04 50 356 12.9 16.3  3.45  7.69  6.23 348 1007.2  -5.5   1.9 999.0 99.0 99.00
2013 04 20 05 50 345 13.3 16.8  3.19  7.69  6.21 351 1008.6  -5.6   1.9 999.0 99.0 99.00
2013 04 20 06 50 355 12.0 15.4  3.33  8.33  6.37 334 1009.7  -5.9   1.9 999.0 99.0 99.00
2013 04 20 07 50 346 11.3 14.2  2.86  7.69  6.01 339 1010.6  -6.1   1.9 999.0 99.0 99.00
2013 04 20 08 50 346 10.4 14.1  2.67  7.14  5.82 340 1011.9  -6.2   1.9 999.0 99.0 99.00
2013 04 20 09 50 343  8.9 11.3  2.51  7.14  5.78 337 1013.3  -6.2   1.9 999.0 99.0 99.00
2013 04 20 10 50 340  9.0 11.0  2.15  6.67  5.49 336 1014.1  -6.1   1.9 999.0 99.0 99.00
2013 04 20 11 50 338  7.9  9.8  1.71  6.67  5.03 337 1015.4  -6.1   1.9 999.0 99.0 99.00
2013 04 20 12 50 337  7.3  9.2  1.48  5.88  4.78 334 1016.9  -6.0   1.9 999.0 99.0 99.00
2013 04 20 13 50 331  7.2  9.5  1.41  6.25  4.67 324 1018.3  -6.4   1.9 999.0 99.0 99.00
2013 04 20 14 50 329  7.7 10.0  1.27  5.56  4.44 337 1019.7  -6.7   1.9 999.0 99.0 99.00
2013 04 20 15 50 326  8.0  9.9  1.33  5.88  4.62 316 1020.9  -6.5   1.9 999.0 99.0 99.00
2013 04 20 16 50 325  8.6 10.6  1.13  5.88  4.31 318 1022.1  -6.2   2.0 999.0 99.0 99.00
2013 04 20 17 50 325  7.7  9.8  1.09  4.76  4.15 329 1023.2  -5.7   2.0 999.0 99.0 99.00
2013 04 20 18 50 314  7.6  9.5  1.08  5.88  4.12 323 1024.3  -5.3   2.0 999.0 99.0 99.00
2013 04 20 19 50 314  7.5 10.1  1.10  5.00  4.09 325 1025.4  -4.8   2.0 999.0 99.0 99.00
2013 04 20 20 50 314  7.7  8.9  0.96  5.26  3.97 324 1026.2  -4.4   2.0 999.0 99.0 99.00
2013 04 20 21 50 314  6.5  7.8  0.94  4.35  3.98 324 1027.0  -4.0   2.1 999.0 99.0 99.00
2013 04 20 22 50 313  6.0  7.8  0.83  4.76  3.95 326 1027.6  -3.3   2.1 999.0 99.0 99.00
2013 04 20 23 50 300  5.8  7.1  0.76  4.17  3.74 319 1028.3  -3.0   2.1 999.0 99.0 99.00
2013 04 21 00 50 303  4.9  6.7  0.65  4.55  3.61 311 1028.9  -2.8   2.0 999.0 99.0 99.00
2013 04 21 01 50 290  4.3  5.5  0.62  4.35  3.61 299 1029.6  -2.7   2.0 999.0 99.0 99.00
2013 04 21 02 50 285  3.4  5.1  0.54  4.55  3.60 307 1030.2  -2.4   2.0 999.0 99.0 99.00
2013 04 21 03 50 257  3.1  3.8  0.49  4.35  3.60 310 1030.7  -2.3   1.9 999.0 99.0 99.00
2013 04 21 04 50 259  2.4  3.7  0.47  4.17  3.58 309 1031.2  -2.2   1.8 999.0 99.0 99.00
2013 04 21 05 50 230  2.9  3.7  0.43  4.17  3.52 319 1031.6  -2.0   1.8 999.0 99.0 99.00
2013 04 21 06 50 222  2.5  3.8  0.40  3.85  3.52 310 1031.9  -2.1   1.7 999.0 99.0 99.00
2013 04 21 07 50 204  3.8  4.7  0.31  3.85  3.39 316 1032.1  -1.9   1.7 999.0 99.0 99.00
2013 04 21 08 50 196  5.7  7.1  0.30  3.85  3.31 314 1032.4  -1.6   1.7 999.0 99.0 99.00
2013 04 21 09 50 193  5.5  6.7  0.32  3.57  3.00 311 1032.6  -1.4   1.7 999.0 99.0 99.00
2013 04 21 10 50 186  6.8  8.1  0.41  2.74  2.89 224 1033.0  -1.0   1.8 999.0 99.0 99.00
2013 04 21 11 50 178  8.5  9.9  0.53  3.23  3.06 205 1033.4  -0.9   1.8 999.0 99.0 99.00
2013 04 21 12 50 177  9.0 10.7  0.74  3.57  3.35 200 1033.6  -0.7   1.9 999.0 99.0 99.00
2013 04 21 13 50 178  9.8 11.4  0.93  4.35  3.66 201 1033.7  -0.5   1.9 999.0 99.0 99.00
2013 04 21 14 50 178 10.8 13.1  1.24  5.00  4.03 200 1033.2  -0.1   2.0 999.0 99.0 99.00
2013 04 21 15 50 176  9.8 11.5  1.38  5.00  4.40 191 1033.2   0.3   2.0 999.0 99.0 99.00
2013 04 21 16 50 169  9.4 11.2  1.43  5.26  4.32 197 1032.8   0.9   2.0 999.0 99.0 99.00
2013 04 21 17 50 159  9.8 11.3  1.59  5.56  4.57 185 1032.0   1.3   2.1 999.0 99.0 99.00
2013 04 21 18 50 144  9.4 11.2  1.40  5.88  4.53 180 1031.1   1.6   2.1 999.0 99.0 99.00
2013 04 21 19 50 147  9.6 11.2  1.42  5.88  4.43 177 1030.0   2.1   2.1 999.0 99.0 99.00
2013 04 21 20 50 151 10.2 12.2  1.19  5.26  4.06 161 1028.9   2.4   2.1 999.0 99.0 99.00
2013 04 21 21 50 155 10.8 12.9  1.30  5.00  4.25 167 1027.9   2.5   2.1 999.0 99.0 99.00
2013 04 21 22 50 153 10.4 12.3  1.53  5.00  4.45 149 1027.5   2.5   2.1 999.0 99.0 99.00
2013 04 21 23 50 146  9.4 11.3  1.55  5.56  4.51 151 1026.7   2.4   2.1 999.0 99.0 99.00
2013 04 22 00 50 162 10.2 11.8  1.38  5.26  4.51 155 1025.9   2.8   2.0 999.0 99.0 99.00
2013 04 22 01 50 166 11.5 13.5  1.34  5.56  4.26 185 1025.4   2.9   2.0 999.0 99.0 99.00
2013 04 22 02 50 164 11.9 14.5  1.68  5.56  4.56 175 1025.0   2.3   2.0 999.0 99.0 99.00
2013 04 22 03 50 159 12.2 14.7  2.02  5.56  4.89 163 1023.9   1.4   2.0 999.0 99.0 99.00
2013 04 22 04 50 163  9.3 11.3  1.88  5.88  4.97 177 1024.4   2.1   2.0 999.0 99.0 99.00
2013 04 22 05 50 157  7.2  8.3  1.76  5.56  4.82 164 1024.1   2.0   2.0 999.0 99.0 99.00
2013 04 22 06 50 160 10.1 12.2 99.00 99.00 99.00 999 1022.7   1.1   2.0 999.0 99.0 99.00
2013 04 22 07 50 167 11.6 13.5  1.57  5.88  4.58 155 1021.1   1.3   2.0 999.0 99.0 99.00
2013 04 22 08 50 192 10.6 12.7  1.49  5.26  4.46 156 1020.6   2.3   2.0 999.0 99.0 99.00
2013 04 22 09 50 203 10.4 12.6  1.44  5.26  4.44 185 1020.7   2.7   2.0 999.0 99.0 99.00
2013 04 22 10 50 204  9.3 10.8  1.70  5.88  4.76 201 1020.8   2.8   2.0 999.0 99.0 99.00
2013 04 22 11 50 206  9.1 10.7  1.98  6.67  5.16 211 1021.3   3.0   2.0 999.0 99.0 99.00
2013 04 22 12 50 215  7.9  9.2  1.47  6.25  4.65 191 1022.3   2.9   2.1 999.0 99.0 99.00
2013 04 22 13 50 230  6.5  7.5  1.54  5.88  4.90 188 1022.6   2.4   2.1 999.0 99.0 99.00
2013 04 22 14 50 238  4.7  5.5  1.34  5.88  4.86 192 1022.9   2.3   2.1 999.0 99.0 99.00
2013 04 22 15 50 263  4.5  5.3  1.22  5.88  4.76 184 1023.4   2.5   2.1 999.0 99.0 99.00
2013 04 22 16 50 276  3.8  4.8  1.03  5.56  4.49 184 1023.4   2.4   2.1 999.0 99.0 99.00
2013 04 22 17 50 263  3.0  4.0  0.91  5.56  4.41 188 1024.2   2.2   2.1 999.0 99.0 99.00
2013 04 22 18 50 235  2.0  2.3  0.76  5.00  4.17 184 1024.3   2.3   2.1 999.0 99.0 99.00
2013 04 22 19 50 279  1.9  2.2  0.72  4.55  4.12 187 1024.1   2.4   2.2 999.0 99.0 99.00
2013 04 22 20 50 308  2.5  3.2  0.60  4.00  3.87 192 1024.1   2.2   2.2 999.0 99.0 99.00
2013 04 22 21 50  21  2.1  2.6  0.58  4.17  3.89 165 1023.3   2.1   2.2 999.0 99.0 99.00
2013 04 22 22 50   6  0.8  1.5  0.55  4.17  3.90 164 1024.0   2.0   2.2 999.0 99.0 99.00
2013 04 22 23 50 102  1.3  1.5  0.49  3.70  3.78 167 1024.1   1.9   2.2 999.0 99.0 99.00
2013 04 23 00 50  88  4.8  5.9  0.47  3.57  3.72 179 1023.2   1.2   2.1 999.0 99.0 99.00
2013 04 23 01 50  73  4.4  5.1  0.41  3.85  3.66 114 1023.1   1.5   2.1 999.0 99.0 99.00
2013 04 23 02 50  34  3.5  4.3  0.38  4.00  3.47  81 1023.2   1.1   2.1 999.0 99.0 99.00
2013 04 23 03 50  11  4.2  5.0  0.33  3.85  3.50 108 1022.9   0.4   2.1 999.0 99.0 99.00
2013 04 23 04 50 354  5.8  7.3  0.31  4.00  3.25  53 1022.1   0.4   2.0 999.0 99.0 99.00
2013 04 23 05 50  16  6.2  8.2  0.31  3.85  3.03 165 1020.8   0.7   2.0 999.0 99.0 99.00
2013 04 23 06 50  22  7.1  8.2  0.40  2.74  2.87  11 1019.6   1.0   2.0 999.0 99.0 99.00
2013 04 23 07 50  20  6.5  7.8  0.51  3.03  3.08  10 1018.1   1.1   2.0 999.0 99.0 99.00
2013 04 23 08 50  34  7.0  8.0  0.50  3.33  3.16  13 1015.9   1.5   2.0 999.0 99.0 99.00
2013 04 23 09 50  36  5.5  6.4  0.54  3.45  3.20  12 1014.6   1.9   2.1 999.0 99.0 99.00
2013 04 23 10 50  55  4.8  6.3  0.52  3.33  3.24  17 1013.3   2.2   2.1 999.0 99.0 99.00
2013 04 23 11 50  58  4.0  5.4  0.62  4.35  3.63 330 1012.9   2.4   2.1 999.0 99.0 99.00
2013 04 23 12 50  74  2.8  3.8  0.88  5.00  3.93 324 1012.2   2.1   2.1 999.0 99.0 99.00
2013 04 23 13 50 127  2.7  3.3  0.91  5.26  4.15 332 1011.1   1.9   2.1 999.0 99.0 99.00
2013 04 23 14 50 222  3.6  4.6  0.84  5.00  4.06  15 1010.4   1.9   2.1 999.0 99.0 99.00
2013 04 23 15 50 302  6.8  7.9  0.77  5.00  4.11  10 1010.5   1.3   2.2 999.0 99.0 99.00
2013 04 23 16 50 310  7.0  8.4  0.69  4.76  3.83   3 1010.6   1.3   2.2 999.0 99.0 99.00
2013 04 23 17 50 325 10.3 12.1  0.78  4.76  3.73 354 1011.0   0.7   2.2 999.0 99.0 99.00
2013 04 23 18 50 325 10.8 13.2  1.27  5.00  4.14 345 1011.4   0.6   2.2 999.0 99.0 99.00
2013 04 23 19 50 328 11.3 13.6  1.51  5.56  4.46 331 1011.7   0.7   2.1 999.0 99.0 99.00
2013 04 23 20 50 331 11.0 13.1  1.79  6.25  4.85 341 1012.2   1.0   2.1 999.0 99.0 99.00
2013 04 23 21 50 337 11.0 13.0  1.80  6.25  4.92 345 1012.8   1.3   2.1 999.0 99.0 99.00
